           4  substitutions in           24 sites
                 1386  configurations
     1      2    1    2    3    4
     2      8    1    2    3    5
     3      8    1    2    3    6
     4      8    1    2    3    7
     5      8    1    2    3    8
     6      8    1    2    3    9
     7      8    1    2    3   10
     8      8    1    2    3   11
     9      8    1    2    3   12
    10      8    1    2    3   13
    11      8    1    2    3   14
    12      8    1    2    3   15
    13      8    1    2    3   16
    14      8    1    2    3   17
    15      8    1    2    3   18
    16      8    1    2    3   19
    17      8    1    2    3   20
    18      8    1    2    3   21
    19      8    1    2    3   22
    20      8    1    2    3   23
    21      8    1    2    3   24
    22      2    1    2    5    6
    23      8    1    2    5    7
    24      8    1    2    5    8
    25      8    1    2    5    9
    26      8    1    2    5   10
    27      8    1    2    5   11
    28      8    1    2    5   12
    29      8    1    2    5   13
    30      8    1    2    5   14
    31      8    1    2    5   15
    32      8    1    2    5   16
    33      8    1    2    5   17
    34      8    1    2    5   18
    35      8    1    2    5   19
    36      8    1    2    5   20
    37      8    1    2    5   21
    38      8    1    2    5   22
    39      8    1    2    5   23
    40      8    1    2    5   24
    41      2    1    2    7    8
    42      8    1    2    7    9
    43      8    1    2    7   10
    44      8    1    2    7   11
    45      8    1    2    7   12
    46      8    1    2    7   13
    47      8    1    2    7   14
    48      8    1    2    7   15
    49      8    1    2    7   16
    50      8    1    2    7   17
    51      8    1    2    7   18
    52      8    1    2    7   19
    53      8    1    2    7   20
    54      8    1    2    7   21
    55      8    1    2    7   22
    56      8    1    2    7   23
    57      8    1    2    7   24
    58      4    1    2    9   10
    59      8    1    2    9   11
    60      8    1    2    9   12
    61      8    1    2    9   13
    62      8    1    2    9   14
    63      8    1    2    9   15
    64      8    1    2    9   16
    65      8    1    2    9   17
    66      8    1    2    9   18
    67      8    1    2    9   19
    68      8    1    2    9   20
    69      8    1    2    9   21
    70      8    1    2    9   22
    71      8    1    2    9   23
    72      8    1    2    9   24
    73      4    1    2   11   12
    74      8    1    2   11   13
    75      8    1    2   11   14
    76      8    1    2   11   15
    77      8    1    2   11   16
    78      8    1    2   11   17
    79      8    1    2   11   18
    80      8    1    2   11   19
    81      8    1    2   11   20
    82      8    1    2   11   21
    83      8    1    2   11   22
    84      8    1    2   11   23
    85      8    1    2   11   24
    86      4    1    2   13   14
    87      8    1    2   13   15
    88      8    1    2   13   16
    89      8    1    2   13   17
    90      8    1    2   13   18
    91      8    1    2   13   19
    92      8    1    2   13   20
    93      8    1    2   13   21
    94      8    1    2   13   22
    95      8    1    2   13   23
    96      8    1    2   13   24
    97      4    1    2   15   16
    98      8    1    2   15   17
    99      8    1    2   15   18
   100      8    1    2   15   19
   101      8    1    2   15   20
   102      8    1    2   15   21
   103      8    1    2   15   22
   104      8    1    2   15   23
   105      8    1    2   15   24
   106      4    1    2   17   18
   107      8    1    2   17   19
   108      8    1    2   17   20
   109      8    1    2   17   21
   110      8    1    2   17   22
   111      8    1    2   17   23
   112      8    1    2   17   24
   113      4    1    2   19   20
   114      8    1    2   19   21
   115      8    1    2   19   22
   116      8    1    2   19   23
   117      8    1    2   19   24
   118      4    1    2   21   22
   119      8    1    2   21   23
   120      8    1    2   21   24
   121      4    1    2   23   24
   122      2    1    3    5    7
   123      8    1    3    5    8
   124      8    1    3    5    9
   125      8    1    3    5   10
   126      8    1    3    5   11
   127      8    1    3    5   12
   128      8    1    3    5   13
   129      8    1    3    5   14
   130      8    1    3    5   15
   131      8    1    3    5   16
   132      8    1    3    5   17
   133      8    1    3    5   18
   134      8    1    3    5   19
   135      8    1    3    5   20
   136      8    1    3    5   21
   137      8    1    3    5   22
   138      8    1    3    5   23
   139      8    1    3    5   24
   140      2    1    3    6    8
   141      8    1    3    6    9
   142      8    1    3    6   10
   143      8    1    3    6   11
   144      8    1    3    6   12
   145      8    1    3    6   13
   146      8    1    3    6   14
   147      8    1    3    6   15
   148      8    1    3    6   16
   149      8    1    3    6   17
   150      8    1    3    6   18
   151      8    1    3    6   19
   152      8    1    3    6   20
   153      8    1    3    6   21
   154      8    1    3    6   22
   155      8    1    3    6   23
   156      8    1    3    6   24
   157      8    1    3    9   10
   158      4    1    3    9   11
   159      8    1    3    9   12
   160      8    1    3    9   13
   161      8    1    3    9   14
   162      8    1    3    9   15
   163      8    1    3    9   16
   164      8    1    3    9   17
   165      8    1    3    9   18
   166      8    1    3    9   19
   167      8    1    3    9   20
   168      8    1    3    9   21
   169      8    1    3    9   22
   170      8    1    3    9   23
   171      8    1    3    9   24
   172      4    1    3   10   12
   173      8    1    3   10   13
   174      8    1    3   10   14
   175      8    1    3   10   15
   176      8    1    3   10   16
   177      8    1    3   10   17
   178      8    1    3   10   18
   179      8    1    3   10   19
   180      8    1    3   10   20
   181      8    1    3   10   21
   182      8    1    3   10   22
   183      8    1    3   10   23
   184      8    1    3   10   24
   185      8    1    3   13   14
   186      4    1    3   13   15
   187      8    1    3   13   16
   188      8    1    3   13   17
   189      8    1    3   13   18
   190      8    1    3   13   19
   191      8    1    3   13   20
   192      8    1    3   13   21
   193      8    1    3   13   22
   194      8    1    3   13   23
   195      8    1    3   13   24
   196      4    1    3   14   16
   197      8    1    3   14   17
   198      8    1    3   14   18
   199      8    1    3   14   19
   200      8    1    3   14   20
   201      8    1    3   14   21
   202      8    1    3   14   22
   203      8    1    3   14   23
   204      8    1    3   14   24
   205      8    1    3   17   18
   206      4    1    3   17   19
   207      8    1    3   17   20
   208      8    1    3   17   21
   209      8    1    3   17   22
   210      8    1    3   17   23
   211      8    1    3   17   24
   212      4    1    3   18   20
   213      8    1    3   18   21
   214      8    1    3   18   22
   215      8    1    3   18   23
   216      8    1    3   18   24
   217      8    1    3   21   22
   218      4    1    3   21   23
   219      8    1    3   21   24
   220      4    1    3   22   24
   221      2    1    4    5    8
   222      8    1    4    5    9
   223      8    1    4    5   10
   224      8    1    4    5   11
   225      8    1    4    5   12
   226      8    1    4    5   13
   227      8    1    4    5   14
   228      8    1    4    5   15
   229      8    1    4    5   16
   230      8    1    4    5   17
   231      8    1    4    5   18
   232      8    1    4    5   19
   233      8    1    4    5   20
   234      8    1    4    5   21
   235      8    1    4    5   22
   236      8    1    4    5   23
   237      8    1    4    5   24
   238      2    1    4    6    7
   239      8    1    4    6    9
   240      8    1    4    6   10
   241      8    1    4    6   11
   242      8    1    4    6   12
   243      8    1    4    6   13
   244      8    1    4    6   14
   245      8    1    4    6   15
   246      8    1    4    6   16
   247      8    1    4    6   17
   248      8    1    4    6   18
   249      8    1    4    6   19
   250      8    1    4    6   20
   251      8    1    4    6   21
   252      8    1    4    6   22
   253      8    1    4    6   23
   254      8    1    4    6   24
   255      8    1    4    9   10
   256      8    1    4    9   11
   257      4    1    4    9   12
   258      8    1    4    9   13
   259      8    1    4    9   14
   260      8    1    4    9   15
   261      8    1    4    9   16
   262      8    1    4    9   17
   263      8    1    4    9   18
   264      8    1    4    9   19
   265      8    1    4    9   20
   266      8    1    4    9   21
   267      8    1    4    9   22
   268      8    1    4    9   23
   269      8    1    4    9   24
   270      4    1    4   10   11
   271      8    1    4   10   13
   272      8    1    4   10   14
   273      8    1    4   10   15
   274      8    1    4   10   16
   275      8    1    4   10   17
   276      8    1    4   10   18
   277      8    1    4   10   19
   278      8    1    4   10   20
   279      8    1    4   10   21
   280      8    1    4   10   22
   281      8    1    4   10   23
   282      8    1    4   10   24
   283      8    1    4   13   14
   284      8    1    4   13   15
   285      4    1    4   13   16
   286      8    1    4   13   17
   287      8    1    4   13   18
   288      8    1    4   13   19
   289      8    1    4   13   20
   290      8    1    4   13   21
   291      8    1    4   13   22
   292      8    1    4   13   23
   293      8    1    4   13   24
   294      4    1    4   14   15
   295      8    1    4   14   17
   296      8    1    4   14   18
   297      8    1    4   14   19
   298      8    1    4   14   20
   299      8    1    4   14   21
   300      8    1    4   14   22
   301      8    1    4   14   23
   302      8    1    4   14   24
   303      8    1    4   17   18
   304      8    1    4   17   19
   305      4    1    4   17   20
   306      8    1    4   17   21
   307      8    1    4   17   22
   308      8    1    4   17   23
   309      8    1    4   17   24
   310      4    1    4   18   19
   311      8    1    4   18   21
   312      8    1    4   18   22
   313      8    1    4   18   23
   314      8    1    4   18   24
   315      8    1    4   21   22
   316      8    1    4   21   23
   317      4    1    4   21   24
   318      4    1    4   22   23
   319      8    1    5    9   10
   320      8    1    5    9   11
   321      8    1    5    9   12
   322      4    1    5    9   13
   323      8    1    5    9   14
   324      8    1    5    9   15
   325      8    1    5    9   16
   326      8    1    5    9   17
   327      8    1    5    9   18
   328      8    1    5    9   19
   329      8    1    5    9   20
   330      8    1    5    9   21
   331      8    1    5    9   22
   332      8    1    5    9   23
   333      8    1    5    9   24
   334      8    1    5   10   11
   335      8    1    5   10   12
   336      4    1    5   10   14
   337      8    1    5   10   15
   338      8    1    5   10   16
   339      8    1    5   10   17
   340      8    1    5   10   18
   341      8    1    5   10   19
   342      8    1    5   10   20
   343      8    1    5   10   21
   344      8    1    5   10   22
   345      8    1    5   10   23
   346      8    1    5   10   24
   347      8    1    5   11   12
   348      4    1    5   11   15
   349      8    1    5   11   16
   350      8    1    5   11   17
   351      8    1    5   11   18
   352      8    1    5   11   19
   353      8    1    5   11   20
   354      8    1    5   11   21
   355      8    1    5   11   22
   356      8    1    5   11   23
   357      8    1    5   11   24
   358      4    1    5   12   16
   359      8    1    5   12   17
   360      8    1    5   12   18
   361      8    1    5   12   19
   362      8    1    5   12   20
   363      8    1    5   12   21
   364      8    1    5   12   22
   365      8    1    5   12   23
   366      8    1    5   12   24
   367      8    1    5   17   18
   368      8    1    5   17   19
   369      8    1    5   17   20
   370      4    1    5   17   21
   371      8    1    5   17   22
   372      8    1    5   17   23
   373      8    1    5   17   24
   374      8    1    5   18   19
   375      8    1    5   18   20
   376      4    1    5   18   22
   377      8    1    5   18   23
   378      8    1    5   18   24
   379      8    1    5   19   20
   380      4    1    5   19   23
   381      8    1    5   19   24
   382      4    1    5   20   24
   383      8    1    6    9   10
   384      8    1    6    9   11
   385      8    1    6    9   12
   386      8    1    6    9   13
   387      4    1    6    9   14
   388      8    1    6    9   15
   389      8    1    6    9   16
   390      8    1    6    9   17
   391      8    1    6    9   18
   392      8    1    6    9   19
   393      8    1    6    9   20
   394      8    1    6    9   21
   395      8    1    6    9   22
   396      8    1    6    9   23
   397      8    1    6    9   24
   398      8    1    6   10   11
   399      8    1    6   10   12
   400      4    1    6   10   13
   401      8    1    6   10   15
   402      8    1    6   10   16
   403      8    1    6   10   17
   404      8    1    6   10   18
   405      8    1    6   10   19
   406      8    1    6   10   20
   407      8    1    6   10   21
   408      8    1    6   10   22
   409      8    1    6   10   23
   410      8    1    6   10   24
   411      8    1    6   11   12
   412      8    1    6   11   15
   413      4    1    6   11   16
   414      8    1    6   11   17
   415      8    1    6   11   18
   416      8    1    6   11   19
   417      8    1    6   11   20
   418      8    1    6   11   21
   419      8    1    6   11   22
   420      8    1    6   11   23
   421      8    1    6   11   24
   422      4    1    6   12   15
   423      8    1    6   12   17
   424      8    1    6   12   18
   425      8    1    6   12   19
   426      8    1    6   12   20
   427      8    1    6   12   21
   428      8    1    6   12   22
   429      8    1    6   12   23
   430      8    1    6   12   24
   431      8    1    6   17   18
   432      8    1    6   17   19
   433      8    1    6   17   20
   434      8    1    6   17   21
   435      4    1    6   17   22
   436      8    1    6   17   23
   437      8    1    6   17   24
   438      8    1    6   18   19
   439      8    1    6   18   20
   440      4    1    6   18   21
   441      8    1    6   18   23
   442      8    1    6   18   24
   443      8    1    6   19   20
   444      8    1    6   19   23
   445      4    1    6   19   24
   446      4    1    6   20   23
   447      8    1    7    9   10
   448      8    1    7    9   11
   449      8    1    7    9   12
   450      8    1    7    9   13
   451      8    1    7    9   14
   452      4    1    7    9   15
   453      8    1    7    9   16
   454      8    1    7    9   17
   455      8    1    7    9   18
   456      8    1    7    9   19
   457      8    1    7    9   20
   458      8    1    7    9   21
   459      8    1    7    9   22
   460      8    1    7    9   23
   461      8    1    7    9   24
   462      8    1    7   10   11
   463      8    1    7   10   12
   464      8    1    7   10   13
   465      8    1    7   10   14
   466      4    1    7   10   16
   467      8    1    7   10   17
   468      8    1    7   10   18
   469      8    1    7   10   19
   470      8    1    7   10   20
   471      8    1    7   10   21
   472      8    1    7   10   22
   473      8    1    7   10   23
   474      8    1    7   10   24
   475      8    1    7   11   12
   476      4    1    7   11   13
   477      8    1    7   11   14
   478      8    1    7   11   17
   479      8    1    7   11   18
   480      8    1    7   11   19
   481      8    1    7   11   20
   482      8    1    7   11   21
   483      8    1    7   11   22
   484      8    1    7   11   23
   485      8    1    7   11   24
   486      4    1    7   12   14
   487      8    1    7   12   17
   488      8    1    7   12   18
   489      8    1    7   12   19
   490      8    1    7   12   20
   491      8    1    7   12   21
   492      8    1    7   12   22
   493      8    1    7   12   23
   494      8    1    7   12   24
   495      8    1    7   17   18
   496      8    1    7   17   19
   497      8    1    7   17   20
   498      8    1    7   17   21
   499      8    1    7   17   22
   500      4    1    7   17   23
   501      8    1    7   17   24
   502      8    1    7   18   19
   503      8    1    7   18   20
   504      8    1    7   18   21
   505      8    1    7   18   22
   506      4    1    7   18   24
   507      8    1    7   19   20
   508      4    1    7   19   21
   509      8    1    7   19   22
   510      4    1    7   20   22
   511      8    1    8    9   10
   512      8    1    8    9   11
   513      8    1    8    9   12
   514      8    1    8    9   13
   515      8    1    8    9   14
   516      8    1    8    9   15
   517      4    1    8    9   16
   518      8    1    8    9   17
   519      8    1    8    9   18
   520      8    1    8    9   19
   521      8    1    8    9   20
   522      8    1    8    9   21
   523      8    1    8    9   22
   524      8    1    8    9   23
   525      8    1    8    9   24
   526      8    1    8   10   11
   527      8    1    8   10   12
   528      8    1    8   10   13
   529      8    1    8   10   14
   530      4    1    8   10   15
   531      8    1    8   10   17
   532      8    1    8   10   18
   533      8    1    8   10   19
   534      8    1    8   10   20
   535      8    1    8   10   21
   536      8    1    8   10   22
   537      8    1    8   10   23
   538      8    1    8   10   24
   539      8    1    8   11   12
   540      8    1    8   11   13
   541      4    1    8   11   14
   542      8    1    8   11   17
   543      8    1    8   11   18
   544      8    1    8   11   19
   545      8    1    8   11   20
   546      8    1    8   11   21
   547      8    1    8   11   22
   548      8    1    8   11   23
   549      8    1    8   11   24
   550      4    1    8   12   13
   551      8    1    8   12   17
   552      8    1    8   12   18
   553      8    1    8   12   19
   554      8    1    8   12   20
   555      8    1    8   12   21
   556      8    1    8   12   22
   557      8    1    8   12   23
   558      8    1    8   12   24
   559      8    1    8   17   18
   560      8    1    8   17   19
   561      8    1    8   17   20
   562      8    1    8   17   21
   563      8    1    8   17   22
   564      8    1    8   17   23
   565      4    1    8   17   24
   566      8    1    8   18   19
   567      8    1    8   18   20
   568      8    1    8   18   21
   569      8    1    8   18   22
   570      4    1    8   18   23
   571      8    1    8   19   20
   572      8    1    8   19   21
   573      4    1    8   19   22
   574      4    1    8   20   21
   575      8    1    9   10   11
   576      8    1    9   10   12
   577      8    1    9   10   13
   578      8    1    9   10   14
   579      8    1    9   10   15
   580      8    1    9   10   16
   581      8    1    9   10   17
   582      8    1    9   10   18
   583      8    1    9   10   19
   584      8    1    9   10   20
   585      8    1    9   10   21
   586      8    1    9   10   22
   587      8    1    9   10   23
   588      8    1    9   10   24
   589      8    1    9   11   12
   590      8    1    9   11   13
   591      8    1    9   11   14
   592      8    1    9   11   15
   593      8    1    9   11   16
   594      8    1    9   11   17
   595      8    1    9   11   18
   596      8    1    9   11   19
   597      8    1    9   11   20
   598      8    1    9   11   21
   599      8    1    9   11   22
   600      8    1    9   11   23
   601      8    1    9   11   24
   602      8    1    9   12   13
   603      8    1    9   12   14
   604      8    1    9   12   15
   605      8    1    9   12   16
   606      8    1    9   12   17
   607      8    1    9   12   18
   608      8    1    9   12   19
   609      8    1    9   12   20
   610      8    1    9   12   21
   611      8    1    9   12   22
   612      8    1    9   12   23
   613      8    1    9   12   24
   614      8    1    9   13   14
   615      8    1    9   13   15
   616      8    1    9   13   16
   617      8    1    9   13   17
   618      8    1    9   13   18
   619      8    1    9   13   19
   620      8    1    9   13   20
   621      8    1    9   13   21
   622      8    1    9   13   22
   623      8    1    9   13   23
   624      8    1    9   13   24
   625      8    1    9   14   15
   626      8    1    9   14   16
   627      8    1    9   14   17
   628      8    1    9   14   18
   629      8    1    9   14   19
   630      8    1    9   14   20
   631      8    1    9   14   21
   632      8    1    9   14   22
   633      8    1    9   14   23
   634      8    1    9   14   24
   635      8    1    9   15   16
   636      8    1    9   15   17
   637      8    1    9   15   18
   638      8    1    9   15   19
   639      8    1    9   15   20
   640      8    1    9   15   21
   641      8    1    9   15   22
   642      8    1    9   15   23
   643      8    1    9   15   24
   644      8    1    9   16   17
   645      8    1    9   16   18
   646      8    1    9   16   19
   647      8    1    9   16   20
   648      8    1    9   16   21
   649      8    1    9   16   22
   650      8    1    9   16   23
   651      8    1    9   16   24
   652      8    1    9   17   18
   653      8    1    9   17   19
   654      8    1    9   17   20
   655      8    1    9   17   21
   656      8    1    9   17   22
   657      8    1    9   17   23
   658      8    1    9   17   24
   659      8    1    9   18   19
   660      8    1    9   18   20
   661      8    1    9   18   21
   662      8    1    9   18   22
   663      8    1    9   18   23
   664      8    1    9   18   24
   665      8    1    9   19   20
   666      8    1    9   19   21
   667      8    1    9   19   22
   668      8    1    9   19   23
   669      8    1    9   19   24
   670      8    1    9   20   21
   671      8    1    9   20   22
   672      8    1    9   20   23
   673      8    1    9   20   24
   674      8    1    9   21   22
   675      8    1    9   21   23
   676      8    1    9   21   24
   677      8    1    9   22   23
   678      8    1    9   22   24
   679      8    1    9   23   24
   680      8    1   10   11   12
   681      8    1   10   11   13
   682      8    1   10   11   14
   683      8    1   10   11   15
   684      8    1   10   11   16
   685      8    1   10   11   17
   686      8    1   10   11   18
   687      8    1   10   11   19
   688      8    1   10   11   20
   689      8    1   10   11   21
   690      8    1   10   11   22
   691      8    1   10   11   23
   692      8    1   10   11   24
   693      8    1   10   12   13
   694      8    1   10   12   14
   695      8    1   10   12   15
   696      8    1   10   12   16
   697      8    1   10   12   17
   698      8    1   10   12   18
   699      8    1   10   12   19
   700      8    1   10   12   20
   701      8    1   10   12   21
   702      8    1   10   12   22
   703      8    1   10   12   23
   704      8    1   10   12   24
   705      8    1   10   13   14
   706      8    1   10   13   15
   707      8    1   10   13   16
   708      8    1   10   13   17
   709      8    1   10   13   18
   710      8    1   10   13   19
   711      8    1   10   13   20
   712      8    1   10   13   21
   713      8    1   10   13   22
   714      8    1   10   13   23
   715      8    1   10   13   24
   716      8    1   10   14   15
   717      8    1   10   14   16
   718      8    1   10   14   17
   719      8    1   10   14   18
   720      8    1   10   14   19
   721      8    1   10   14   20
   722      8    1   10   14   21
   723      8    1   10   14   22
   724      8    1   10   14   23
   725      8    1   10   14   24
   726      8    1   10   15   16
   727      8    1   10   15   17
   728      8    1   10   15   18
   729      8    1   10   15   19
   730      8    1   10   15   20
   731      8    1   10   15   21
   732      8    1   10   15   22
   733      8    1   10   15   23
   734      8    1   10   15   24
   735      8    1   10   16   17
   736      8    1   10   16   18
   737      8    1   10   16   19
   738      8    1   10   16   20
   739      8    1   10   16   21
   740      8    1   10   16   22
   741      8    1   10   16   23
   742      8    1   10   16   24
   743      8    1   10   17   18
   744      8    1   10   17   19
   745      8    1   10   17   20
   746      8    1   10   17   21
   747      8    1   10   17   22
   748      8    1   10   17   23
   749      8    1   10   17   24
   750      8    1   10   18   19
   751      8    1   10   18   20
   752      8    1   10   18   21
   753      8    1   10   18   22
   754      8    1   10   18   23
   755      8    1   10   18   24
   756      8    1   10   19   20
   757      8    1   10   19   21
   758      8    1   10   19   22
   759      8    1   10   19   23
   760      8    1   10   19   24
   761      8    1   10   20   21
   762      8    1   10   20   22
   763      8    1   10   20   23
   764      8    1   10   20   24
   765      8    1   10   21   22
   766      8    1   10   21   23
   767      8    1   10   21   24
   768      8    1   10   22   23
   769      8    1   10   22   24
   770      8    1   10   23   24
   771      8    1   11   12   13
   772      8    1   11   12   14
   773      8    1   11   12   15
   774      8    1   11   12   16
   775      8    1   11   12   17
   776      8    1   11   12   18
   777      8    1   11   12   19
   778      8    1   11   12   20
   779      8    1   11   12   21
   780      8    1   11   12   22
   781      8    1   11   12   23
   782      8    1   11   12   24
   783      8    1   11   13   14
   784      8    1   11   13   15
   785      8    1   11   13   16
   786      8    1   11   13   17
   787      8    1   11   13   18
   788      8    1   11   13   19
   789      8    1   11   13   20
   790      8    1   11   13   21
   791      8    1   11   13   22
   792      8    1   11   13   23
   793      8    1   11   13   24
   794      8    1   11   14   15
   795      8    1   11   14   16
   796      8    1   11   14   17
   797      8    1   11   14   18
   798      8    1   11   14   19
   799      8    1   11   14   20
   800      8    1   11   14   21
   801      8    1   11   14   22
   802      8    1   11   14   23
   803      8    1   11   14   24
   804      8    1   11   15   16
   805      8    1   11   15   17
   806      8    1   11   15   18
   807      8    1   11   15   19
   808      8    1   11   15   20
   809      8    1   11   15   21
   810      8    1   11   15   22
   811      8    1   11   15   23
   812      8    1   11   15   24
   813      8    1   11   16   17
   814      8    1   11   16   18
   815      8    1   11   16   19
   816      8    1   11   16   20
   817      8    1   11   16   21
   818      8    1   11   16   22
   819      8    1   11   16   23
   820      8    1   11   16   24
   821      8    1   11   17   18
   822      8    1   11   17   19
   823      8    1   11   17   20
   824      8    1   11   17   21
   825      8    1   11   17   22
   826      8    1   11   17   23
   827      8    1   11   17   24
   828      8    1   11   18   19
   829      8    1   11   18   20
   830      8    1   11   18   21
   831      8    1   11   18   22
   832      8    1   11   18   23
   833      8    1   11   18   24
   834      8    1   11   19   20
   835      8    1   11   19   21
   836      8    1   11   19   22
   837      8    1   11   19   23
   838      8    1   11   19   24
   839      8    1   11   20   21
   840      8    1   11   20   22
   841      8    1   11   20   23
   842      8    1   11   20   24
   843      8    1   11   21   22
   844      8    1   11   21   23
   845      8    1   11   21   24
   846      8    1   11   22   23
   847      8    1   11   22   24
   848      8    1   11   23   24
   849      8    1   12   13   14
   850      8    1   12   13   15
   851      8    1   12   13   16
   852      8    1   12   13   17
   853      8    1   12   13   18
   854      8    1   12   13   19
   855      8    1   12   13   20
   856      8    1   12   13   21
   857      8    1   12   13   22
   858      8    1   12   13   23
   859      8    1   12   13   24
   860      8    1   12   14   15
   861      8    1   12   14   16
   862      8    1   12   14   17
   863      8    1   12   14   18
   864      8    1   12   14   19
   865      8    1   12   14   20
   866      8    1   12   14   21
   867      8    1   12   14   22
   868      8    1   12   14   23
   869      8    1   12   14   24
   870      8    1   12   15   16
   871      8    1   12   15   17
   872      8    1   12   15   18
   873      8    1   12   15   19
   874      8    1   12   15   20
   875      8    1   12   15   21
   876      8    1   12   15   22
   877      8    1   12   15   23
   878      8    1   12   15   24
   879      8    1   12   16   17
   880      8    1   12   16   18
   881      8    1   12   16   19
   882      8    1   12   16   20
   883      8    1   12   16   21
   884      8    1   12   16   22
   885      8    1   12   16   23
   886      8    1   12   16   24
   887      8    1   12   17   18
   888      8    1   12   17   19
   889      8    1   12   17   20
   890      8    1   12   17   21
   891      8    1   12   17   22
   892      8    1   12   17   23
   893      8    1   12   17   24
   894      8    1   12   18   19
   895      8    1   12   18   20
   896      8    1   12   18   21
   897      8    1   12   18   22
   898      8    1   12   18   23
   899      8    1   12   18   24
   900      8    1   12   19   20
   901      8    1   12   19   21
   902      8    1   12   19   22
   903      8    1   12   19   23
   904      8    1   12   19   24
   905      8    1   12   20   21
   906      8    1   12   20   22
   907      8    1   12   20   23
   908      8    1   12   20   24
   909      8    1   12   21   22
   910      8    1   12   21   23
   911      8    1   12   21   24
   912      8    1   12   22   23
   913      8    1   12   22   24
   914      8    1   12   23   24
   915      8    1   13   14   15
   916      8    1   13   14   16
   917      8    1   13   14   17
   918      8    1   13   14   18
   919      8    1   13   14   19
   920      8    1   13   14   20
   921      8    1   13   14   21
   922      8    1   13   14   22
   923      8    1   13   14   23
   924      8    1   13   14   24
   925      8    1   13   15   16
   926      8    1   13   15   17
   927      8    1   13   15   18
   928      8    1   13   15   19
   929      8    1   13   15   20
   930      8    1   13   15   21
   931      8    1   13   15   22
   932      8    1   13   15   23
   933      8    1   13   15   24
   934      8    1   13   16   17
   935      8    1   13   16   18
   936      8    1   13   16   19
   937      8    1   13   16   20
   938      8    1   13   16   21
   939      8    1   13   16   22
   940      8    1   13   16   23
   941      8    1   13   16   24
   942      8    1   13   17   18
   943      8    1   13   17   19
   944      8    1   13   17   20
   945      8    1   13   17   21
   946      8    1   13   17   22
   947      8    1   13   17   23
   948      8    1   13   17   24
   949      8    1   13   18   19
   950      8    1   13   18   20
   951      8    1   13   18   21
   952      8    1   13   18   22
   953      8    1   13   18   23
   954      8    1   13   18   24
   955      8    1   13   19   20
   956      8    1   13   19   21
   957      8    1   13   19   22
   958      8    1   13   19   23
   959      8    1   13   19   24
   960      8    1   13   20   21
   961      8    1   13   20   22
   962      8    1   13   20   23
   963      8    1   13   20   24
   964      8    1   13   21   22
   965      8    1   13   21   23
   966      8    1   13   21   24
   967      8    1   13   22   23
   968      8    1   13   22   24
   969      8    1   13   23   24
   970      8    1   14   15   16
   971      8    1   14   15   17
   972      8    1   14   15   18
   973      8    1   14   15   19
   974      8    1   14   15   20
   975      8    1   14   15   21
   976      8    1   14   15   22
   977      8    1   14   15   23
   978      8    1   14   15   24
   979      8    1   14   16   17
   980      8    1   14   16   18
   981      8    1   14   16   19
   982      8    1   14   16   20
   983      8    1   14   16   21
   984      8    1   14   16   22
   985      8    1   14   16   23
   986      8    1   14   16   24
   987      8    1   14   17   18
   988      8    1   14   17   19
   989      8    1   14   17   20
   990      8    1   14   17   21
   991      8    1   14   17   22
   992      8    1   14   17   23
   993      8    1   14   17   24
   994      8    1   14   18   19
   995      8    1   14   18   20
   996      8    1   14   18   21
   997      8    1   14   18   22
   998      8    1   14   18   23
   999      8    1   14   18   24
  1000      8    1   14   19   20
  1001      8    1   14   19   21
  1002      8    1   14   19   22
  1003      8    1   14   19   23
  1004      8    1   14   19   24
  1005      8    1   14   20   21
  1006      8    1   14   20   22
  1007      8    1   14   20   23
  1008      8    1   14   20   24
  1009      8    1   14   21   22
  1010      8    1   14   21   23
  1011      8    1   14   21   24
  1012      8    1   14   22   23
  1013      8    1   14   22   24
  1014      8    1   14   23   24
  1015      8    1   15   16   17
  1016      8    1   15   16   18
  1017      8    1   15   16   19
  1018      8    1   15   16   20
  1019      8    1   15   16   21
  1020      8    1   15   16   22
  1021      8    1   15   16   23
  1022      8    1   15   16   24
  1023      8    1   15   17   18
  1024      8    1   15   17   19
  1025      8    1   15   17   20
  1026      8    1   15   17   21
  1027      8    1   15   17   22
  1028      8    1   15   17   23
  1029      8    1   15   17   24
  1030      8    1   15   18   19
  1031      8    1   15   18   20
  1032      8    1   15   18   21
  1033      8    1   15   18   22
  1034      8    1   15   18   23
  1035      8    1   15   18   24
  1036      8    1   15   19   20
  1037      8    1   15   19   21
  1038      8    1   15   19   22
  1039      8    1   15   19   23
  1040      8    1   15   19   24
  1041      8    1   15   20   21
  1042      8    1   15   20   22
  1043      8    1   15   20   23
  1044      8    1   15   20   24
  1045      8    1   15   21   22
  1046      8    1   15   21   23
  1047      8    1   15   21   24
  1048      8    1   15   22   23
  1049      8    1   15   22   24
  1050      8    1   15   23   24
  1051      8    1   16   17   18
  1052      8    1   16   17   19
  1053      8    1   16   17   20
  1054      8    1   16   17   21
  1055      8    1   16   17   22
  1056      8    1   16   17   23
  1057      8    1   16   17   24
  1058      8    1   16   18   19
  1059      8    1   16   18   20
  1060      8    1   16   18   21
  1061      8    1   16   18   22
  1062      8    1   16   18   23
  1063      8    1   16   18   24
  1064      8    1   16   19   20
  1065      8    1   16   19   21
  1066      8    1   16   19   22
  1067      8    1   16   19   23
  1068      8    1   16   19   24
  1069      8    1   16   20   21
  1070      8    1   16   20   22
  1071      8    1   16   20   23
  1072      8    1   16   20   24
  1073      8    1   16   21   22
  1074      8    1   16   21   23
  1075      8    1   16   21   24
  1076      8    1   16   22   23
  1077      8    1   16   22   24
  1078      8    1   16   23   24
  1079      8    1   17   18   19
  1080      8    1   17   18   20
  1081      8    1   17   18   21
  1082      8    1   17   18   22
  1083      8    1   17   18   23
  1084      8    1   17   18   24
  1085      8    1   17   19   20
  1086      8    1   17   19   21
  1087      8    1   17   19   22
  1088      8    1   17   19   23
  1089      8    1   17   19   24
  1090      8    1   17   20   21
  1091      8    1   17   20   22
  1092      8    1   17   20   23
  1093      8    1   17   20   24
  1094      8    1   17   21   22
  1095      8    1   17   21   23
  1096      8    1   17   21   24
  1097      8    1   17   22   23
  1098      8    1   17   22   24
  1099      8    1   17   23   24
  1100      8    1   18   19   20
  1101      8    1   18   19   21
  1102      8    1   18   19   22
  1103      8    1   18   19   23
  1104      8    1   18   19   24
  1105      8    1   18   20   21
  1106      8    1   18   20   22
  1107      8    1   18   20   23
  1108      8    1   18   20   24
  1109      8    1   18   21   22
  1110      8    1   18   21   23
  1111      8    1   18   21   24
  1112      8    1   18   22   23
  1113      8    1   18   22   24
  1114      8    1   18   23   24
  1115      8    1   19   20   21
  1116      8    1   19   20   22
  1117      8    1   19   20   23
  1118      8    1   19   20   24
  1119      8    1   19   21   22
  1120      8    1   19   21   23
  1121      8    1   19   21   24
  1122      8    1   19   22   23
  1123      8    1   19   22   24
  1124      8    1   19   23   24
  1125      8    1   20   21   22
  1126      8    1   20   21   23
  1127      8    1   20   21   24
  1128      8    1   20   22   23
  1129      8    1   20   22   24
  1130      8    1   20   23   24
  1131      8    1   21   22   23
  1132      8    1   21   22   24
  1133      8    1   21   23   24
  1134      8    1   22   23   24
  1135      2    9   10   11   12
  1136      8    9   10   11   13
  1137      8    9   10   11   14
  1138      8    9   10   11   15
  1139      8    9   10   11   16
  1140      8    9   10   11   17
  1141      8    9   10   11   18
  1142      8    9   10   11   19
  1143      8    9   10   11   20
  1144      8    9   10   11   21
  1145      8    9   10   11   22
  1146      8    9   10   11   23
  1147      8    9   10   11   24
  1148      2    9   10   13   14
  1149      8    9   10   13   15
  1150      8    9   10   13   16
  1151      8    9   10   13   17
  1152      8    9   10   13   18
  1153      8    9   10   13   19
  1154      8    9   10   13   20
  1155      8    9   10   13   21
  1156      8    9   10   13   22
  1157      8    9   10   13   23
  1158      8    9   10   13   24
  1159      2    9   10   15   16
  1160      8    9   10   15   17
  1161      8    9   10   15   18
  1162      8    9   10   15   19
  1163      8    9   10   15   20
  1164      8    9   10   15   21
  1165      8    9   10   15   22
  1166      8    9   10   15   23
  1167      8    9   10   15   24
  1168      4    9   10   17   18
  1169      8    9   10   17   19
  1170      8    9   10   17   20
  1171      8    9   10   17   21
  1172      8    9   10   17   22
  1173      8    9   10   17   23
  1174      8    9   10   17   24
  1175      4    9   10   19   20
  1176      8    9   10   19   21
  1177      8    9   10   19   22
  1178      8    9   10   19   23
  1179      8    9   10   19   24
  1180      4    9   10   21   22
  1181      8    9   10   21   23
  1182      8    9   10   21   24
  1183      4    9   10   23   24
  1184      2    9   11   13   15
  1185      8    9   11   13   16
  1186      8    9   11   13   17
  1187      8    9   11   13   18
  1188      8    9   11   13   19
  1189      8    9   11   13   20
  1190      8    9   11   13   21
  1191      8    9   11   13   22
  1192      8    9   11   13   23
  1193      8    9   11   13   24
  1194      2    9   11   14   16
  1195      8    9   11   14   17
  1196      8    9   11   14   18
  1197      8    9   11   14   19
  1198      8    9   11   14   20
  1199      8    9   11   14   21
  1200      8    9   11   14   22
  1201      8    9   11   14   23
  1202      8    9   11   14   24
  1203      8    9   11   17   18
  1204      4    9   11   17   19
  1205      8    9   11   17   20
  1206      8    9   11   17   21
  1207      8    9   11   17   22
  1208      8    9   11   17   23
  1209      8    9   11   17   24
  1210      4    9   11   18   20
  1211      8    9   11   18   21
  1212      8    9   11   18   22
  1213      8    9   11   18   23
  1214      8    9   11   18   24
  1215      8    9   11   21   22
  1216      4    9   11   21   23
  1217      8    9   11   21   24
  1218      4    9   11   22   24
  1219      2    9   12   13   16
  1220      8    9   12   13   17
  1221      8    9   12   13   18
  1222      8    9   12   13   19
  1223      8    9   12   13   20
  1224      8    9   12   13   21
  1225      8    9   12   13   22
  1226      8    9   12   13   23
  1227      8    9   12   13   24
  1228      2    9   12   14   15
  1229      8    9   12   14   17
  1230      8    9   12   14   18
  1231      8    9   12   14   19
  1232      8    9   12   14   20
  1233      8    9   12   14   21
  1234      8    9   12   14   22
  1235      8    9   12   14   23
  1236      8    9   12   14   24
  1237      8    9   12   17   18
  1238      8    9   12   17   19
  1239      4    9   12   17   20
  1240      8    9   12   17   21
  1241      8    9   12   17   22
  1242      8    9   12   17   23
  1243      8    9   12   17   24
  1244      4    9   12   18   19
  1245      8    9   12   18   21
  1246      8    9   12   18   22
  1247      8    9   12   18   23
  1248      8    9   12   18   24
  1249      8    9   12   21   22
  1250      8    9   12   21   23
  1251      4    9   12   21   24
  1252      4    9   12   22   23
  1253      8    9   13   17   18
  1254      8    9   13   17   19
  1255      8    9   13   17   20
  1256      4    9   13   17   21
  1257      8    9   13   17   22
  1258      8    9   13   17   23
  1259      8    9   13   17   24
  1260      8    9   13   18   19
  1261      8    9   13   18   20
  1262      4    9   13   18   22
  1263      8    9   13   18   23
  1264      8    9   13   18   24
  1265      8    9   13   19   20
  1266      4    9   13   19   23
  1267      8    9   13   19   24
  1268      4    9   13   20   24
  1269      8    9   14   17   18
  1270      8    9   14   17   19
  1271      8    9   14   17   20
  1272      8    9   14   17   21
  1273      4    9   14   17   22
  1274      8    9   14   17   23
  1275      8    9   14   17   24
  1276      8    9   14   18   19
  1277      8    9   14   18   20
  1278      4    9   14   18   21
  1279      8    9   14   18   23
  1280      8    9   14   18   24
  1281      8    9   14   19   20
  1282      8    9   14   19   23
  1283      4    9   14   19   24
  1284      4    9   14   20   23
  1285      8    9   15   17   18
  1286      8    9   15   17   19
  1287      8    9   15   17   20
  1288      8    9   15   17   21
  1289      8    9   15   17   22
  1290      4    9   15   17   23
  1291      8    9   15   17   24
  1292      8    9   15   18   19
  1293      8    9   15   18   20
  1294      8    9   15   18   21
  1295      8    9   15   18   22
  1296      4    9   15   18   24
  1297      8    9   15   19   20
  1298      4    9   15   19   21
  1299      8    9   15   19   22
  1300      4    9   15   20   22
  1301      8    9   16   17   18
  1302      8    9   16   17   19
  1303      8    9   16   17   20
  1304      8    9   16   17   21
  1305      8    9   16   17   22
  1306      8    9   16   17   23
  1307      4    9   16   17   24
  1308      8    9   16   18   19
  1309      8    9   16   18   20
  1310      8    9   16   18   21
  1311      8    9   16   18   22
  1312      4    9   16   18   23
  1313      8    9   16   19   20
  1314      8    9   16   19   21
  1315      4    9   16   19   22
  1316      4    9   16   20   21
  1317      8    9   17   18   19
  1318      8    9   17   18   20
  1319      8    9   17   18   21
  1320      8    9   17   18   22
  1321      8    9   17   18   23
  1322      8    9   17   18   24
  1323      8    9   17   19   20
  1324      8    9   17   19   21
  1325      8    9   17   19   22
  1326      8    9   17   19   23
  1327      8    9   17   19   24
  1328      8    9   17   20   21
  1329      8    9   17   20   22
  1330      8    9   17   20   23
  1331      8    9   17   20   24
  1332      8    9   17   21   22
  1333      8    9   17   21   23
  1334      8    9   17   21   24
  1335      8    9   17   22   23
  1336      8    9   17   22   24
  1337      8    9   17   23   24
  1338      8    9   18   19   20
  1339      8    9   18   19   21
  1340      8    9   18   19   22
  1341      8    9   18   19   23
  1342      8    9   18   19   24
  1343      8    9   18   20   21
  1344      8    9   18   20   22
  1345      8    9   18   20   23
  1346      8    9   18   20   24
  1347      8    9   18   21   22
  1348      8    9   18   21   23
  1349      8    9   18   21   24
  1350      8    9   18   22   23
  1351      8    9   18   22   24
  1352      8    9   18   23   24
  1353      8    9   19   20   21
  1354      8    9   19   20   22
  1355      8    9   19   20   23
  1356      8    9   19   20   24
  1357      8    9   19   21   22
  1358      8    9   19   21   23
  1359      8    9   19   21   24
  1360      8    9   19   22   23
  1361      8    9   19   22   24
  1362      8    9   19   23   24
  1363      8    9   20   21   22
  1364      8    9   20   21   23
  1365      8    9   20   21   24
  1366      8    9   20   22   23
  1367      8    9   20   22   24
  1368      8    9   20   23   24
  1369      8    9   21   22   23
  1370      8    9   21   22   24
  1371      8    9   21   23   24
  1372      8    9   22   23   24
  1373      2   17   18   19   20
  1374      8   17   18   19   21
  1375      8   17   18   19   22
  1376      8   17   18   19   23
  1377      8   17   18   19   24
  1378      2   17   18   21   22
  1379      8   17   18   21   23
  1380      8   17   18   21   24
  1381      2   17   18   23   24
  1382      2   17   19   21   23
  1383      8   17   19   21   24
  1384      2   17   19   22   24
  1385      2   17   20   21   24
  1386      2   17   20   22   23
