           4  substitutions in           24 sites
                 1418  configurations
     1      1    1    2    3    4
     2      4    1    2    3    5
     3      4    1    2    3    6
     4      4    1    2    3    7
     5      4    1    2    3    8
     6      8    1    2    3    9
     7      8    1    2    3   10
     8      8    1    2    3   11
     9      8    1    2    3   12
    10      8    1    2    3   17
    11      8    1    2    3   18
    12      8    1    2    3   19
    13      8    1    2    3   20
    14      2    1    2    5    6
    15      4    1    2    5    7
    16      4    1    2    5    8
    17      8    1    2    5    9
    18      8    1    2    5   10
    19      8    1    2    5   11
    20      8    1    2    5   12
    21      8    1    2    5   17
    22      8    1    2    5   18
    23      8    1    2    5   19
    24      8    1    2    5   20
    25      2    1    2    7    8
    26      8    1    2    7    9
    27      8    1    2    7   10
    28      8    1    2    7   11
    29      8    1    2    7   12
    30      8    1    2    7   17
    31      8    1    2    7   18
    32      8    1    2    7   19
    33      8    1    2    7   20
    34      4    1    2    9   10
    35      8    1    2    9   11
    36      8    1    2    9   12
    37      8    1    2    9   13
    38      8    1    2    9   14
    39      4    1    2    9   15
    40      4    1    2    9   16
    41      8    1    2    9   17
    42      8    1    2    9   18
    43      8    1    2    9   19
    44      8    1    2    9   20
    45      8    1    2    9   21
    46      8    1    2    9   22
    47      8    1    2    9   23
    48      8    1    2    9   24
    49      4    1    2   11   12
    50      4    1    2   11   13
    51      4    1    2   11   14
    52      8    1    2   11   17
    53      8    1    2   11   18
    54      8    1    2   11   19
    55      8    1    2   11   20
    56      8    1    2   11   21
    57      8    1    2   11   22
    58      8    1    2   11   23
    59      8    1    2   11   24
    60      4    1    2   17   18
    61      8    1    2   17   19
    62      8    1    2   17   20
    63      8    1    2   17   21
    64      8    1    2   17   22
    65      4    1    2   17   23
    66      4    1    2   17   24
    67      4    1    2   19   20
    68      4    1    2   19   21
    69      4    1    2   19   22
    70      4    1    3    5    6
    71      2    1    3    5    7
    72      4    1    3    5    8
    73      8    1    3    5    9
    74      8    1    3    5   10
    75      8    1    3    5   11
    76      8    1    3    5   12
    77      8    1    3    5   17
    78      8    1    3    5   18
    79      8    1    3    5   19
    80      8    1    3    5   20
    81      2    1    3    6    8
    82      8    1    3    6    9
    83      8    1    3    6   10
    84      8    1    3    6   11
    85      8    1    3    6   12
    86      8    1    3    6   17
    87      8    1    3    6   18
    88      8    1    3    6   19
    89      8    1    3    6   20
    90      8    1    3    9   10
    91      4    1    3    9   11
    92      8    1    3    9   12
    93      4    1    3    9   13
    94      8    1    3    9   14
    95      4    1    3    9   15
    96      8    1    3    9   16
    97      8    1    3    9   17
    98      8    1    3    9   18
    99      8    1    3    9   19
   100      8    1    3    9   20
   101      8    1    3    9   21
   102      8    1    3    9   22
   103      8    1    3    9   23
   104      8    1    3    9   24
   105      4    1    3   10   12
   106      4    1    3   10   14
   107      4    1    3   10   16
   108      8    1    3   10   17
   109      8    1    3   10   18
   110      8    1    3   10   19
   111      8    1    3   10   20
   112      8    1    3   10   21
   113      8    1    3   10   22
   114      8    1    3   10   23
   115      8    1    3   10   24
   116      8    1    3   17   18
   117      4    1    3   17   19
   118      8    1    3   17   20
   119      4    1    3   17   21
   120      8    1    3   17   22
   121      4    1    3   17   23
   122      8    1    3   17   24
   123      4    1    3   18   20
   124      4    1    3   18   22
   125      4    1    3   18   24
   126      4    1    4    5    6
   127      4    1    4    5    7
   128      2    1    4    5    8
   129      8    1    4    5    9
   130      8    1    4    5   10
   131      8    1    4    5   11
   132      8    1    4    5   12
   133      8    1    4    5   17
   134      8    1    4    5   18
   135      8    1    4    5   19
   136      8    1    4    5   20
   137      2    1    4    6    7
   138      8    1    4    6    9
   139      8    1    4    6   10
   140      8    1    4    6   11
   141      8    1    4    6   12
   142      8    1    4    6   17
   143      8    1    4    6   18
   144      8    1    4    6   19
   145      8    1    4    6   20
   146      8    1    4    9   10
   147      8    1    4    9   11
   148      4    1    4    9   12
   149      8    1    4    9   13
   150      4    1    4    9   14
   151      4    1    4    9   15
   152      8    1    4    9   16
   153      8    1    4    9   17
   154      8    1    4    9   18
   155      8    1    4    9   19
   156      8    1    4    9   20
   157      8    1    4    9   21
   158      8    1    4    9   22
   159      8    1    4    9   23
   160      8    1    4    9   24
   161      4    1    4   10   11
   162      4    1    4   10   13
   163      4    1    4   10   16
   164      8    1    4   10   17
   165      8    1    4   10   18
   166      8    1    4   10   19
   167      8    1    4   10   20
   168      8    1    4   10   21
   169      8    1    4   10   22
   170      8    1    4   10   23
   171      8    1    4   10   24
   172      8    1    4   17   18
   173      8    1    4   17   19
   174      4    1    4   17   20
   175      8    1    4   17   21
   176      4    1    4   17   22
   177      4    1    4   17   23
   178      8    1    4   17   24
   179      4    1    4   18   19
   180      4    1    4   18   21
   181      4    1    4   18   24
   182      4    1    5    6    7
   183      4    1    5    6    8
   184      8    1    5    6    9
   185      8    1    5    6   10
   186      8    1    5    6   11
   187      8    1    5    6   12
   188      8    1    5    6   17
   189      8    1    5    6   18
   190      8    1    5    6   19
   191      8    1    5    6   20
   192      4    1    5    7    8
   193      8    1    5    7    9
   194      8    1    5    7   10
   195      8    1    5    7   11
   196      8    1    5    7   12
   197      8    1    5    7   17
   198      8    1    5    7   18
   199      8    1    5    7   19
   200      8    1    5    7   20
   201      8    1    5    8    9
   202      8    1    5    8   10
   203      8    1    5    8   11
   204      8    1    5    8   12
   205      8    1    5    8   17
   206      8    1    5    8   18
   207      8    1    5    8   19
   208      8    1    5    8   20
   209      8    1    5    9   10
   210      8    1    5    9   11
   211      8    1    5    9   12
   212      8    1    5    9   13
   213      8    1    5    9   14
   214      4    1    5    9   15
   215      8    1    5    9   16
   216      8    1    5    9   17
   217      8    1    5    9   18
   218      8    1    5    9   19
   219      8    1    5    9   20
   220      8    1    5    9   21
   221      8    1    5    9   22
   222      8    1    5    9   23
   223      8    1    5    9   24
   224      8    1    5   10   11
   225      8    1    5   10   12
   226      8    1    5   10   13
   227      8    1    5   10   14
   228      4    1    5   10   16
   229      8    1    5   10   17
   230      8    1    5   10   18
   231      8    1    5   10   19
   232      8    1    5   10   20
   233      8    1    5   10   21
   234      8    1    5   10   22
   235      8    1    5   10   23
   236      8    1    5   10   24
   237      8    1    5   11   12
   238      4    1    5   11   13
   239      8    1    5   11   14
   240      8    1    5   11   17
   241      8    1    5   11   18
   242      8    1    5   11   19
   243      8    1    5   11   20
   244      8    1    5   11   21
   245      8    1    5   11   22
   246      8    1    5   11   23
   247      8    1    5   11   24
   248      4    1    5   12   14
   249      8    1    5   12   17
   250      8    1    5   12   18
   251      8    1    5   12   19
   252      8    1    5   12   20
   253      8    1    5   12   21
   254      8    1    5   12   22
   255      8    1    5   12   23
   256      8    1    5   12   24
   257      8    1    5   17   18
   258      8    1    5   17   19
   259      8    1    5   17   20
   260      8    1    5   17   21
   261      8    1    5   17   22
   262      4    1    5   17   23
   263      8    1    5   17   24
   264      8    1    5   18   19
   265      8    1    5   18   20
   266      8    1    5   18   21
   267      8    1    5   18   22
   268      4    1    5   18   24
   269      8    1    5   19   20
   270      4    1    5   19   21
   271      8    1    5   19   22
   272      4    1    5   20   22
   273      4    1    6    7    8
   274      8    1    6    7    9
   275      8    1    6    7   10
   276      8    1    6    7   11
   277      8    1    6    7   12
   278      8    1    6    7   17
   279      8    1    6    7   18
   280      8    1    6    7   19
   281      8    1    6    7   20
   282      8    1    6    8    9
   283      8    1    6    8   10
   284      8    1    6    8   11
   285      8    1    6    8   12
   286      8    1    6    8   17
   287      8    1    6    8   18
   288      8    1    6    8   19
   289      8    1    6    8   20
   290      8    1    6    9   10
   291      8    1    6    9   11
   292      8    1    6    9   12
   293      8    1    6    9   13
   294      8    1    6    9   14
   295      4    1    6    9   15
   296      8    1    6    9   16
   297      8    1    6    9   17
   298      8    1    6    9   18
   299      8    1    6    9   19
   300      8    1    6    9   20
   301      8    1    6    9   21
   302      8    1    6    9   22
   303      8    1    6    9   23
   304      8    1    6    9   24
   305      8    1    6   10   11
   306      8    1    6   10   12
   307      8    1    6   10   13
   308      8    1    6   10   14
   309      4    1    6   10   16
   310      8    1    6   10   17
   311      8    1    6   10   18
   312      8    1    6   10   19
   313      8    1    6   10   20
   314      8    1    6   10   21
   315      8    1    6   10   22
   316      8    1    6   10   23
   317      8    1    6   10   24
   318      8    1    6   11   12
   319      4    1    6   11   13
   320      8    1    6   11   14
   321      8    1    6   11   17
   322      8    1    6   11   18
   323      8    1    6   11   19
   324      8    1    6   11   20
   325      8    1    6   11   21
   326      8    1    6   11   22
   327      8    1    6   11   23
   328      8    1    6   11   24
   329      4    1    6   12   14
   330      8    1    6   12   17
   331      8    1    6   12   18
   332      8    1    6   12   19
   333      8    1    6   12   20
   334      8    1    6   12   21
   335      8    1    6   12   22
   336      8    1    6   12   23
   337      8    1    6   12   24
   338      8    1    6   17   18
   339      8    1    6   17   19
   340      8    1    6   17   20
   341      8    1    6   17   21
   342      8    1    6   17   22
   343      4    1    6   17   23
   344      8    1    6   17   24
   345      8    1    6   18   19
   346      8    1    6   18   20
   347      8    1    6   18   21
   348      8    1    6   18   22
   349      4    1    6   18   24
   350      8    1    6   19   20
   351      4    1    6   19   21
   352      8    1    6   19   22
   353      4    1    6   20   22
   354      8    1    7    8    9
   355      8    1    7    8   10
   356      8    1    7    8   11
   357      8    1    7    8   12
   358      8    1    7    8   17
   359      8    1    7    8   18
   360      8    1    7    8   19
   361      8    1    7    8   20
   362      8    1    7    9   10
   363      8    1    7    9   11
   364      8    1    7    9   12
   365      8    1    7    9   13
   366      8    1    7    9   14
   367      4    1    7    9   15
   368      8    1    7    9   16
   369      8    1    7    9   17
   370      8    1    7    9   18
   371      8    1    7    9   19
   372      8    1    7    9   20
   373      8    1    7    9   21
   374      8    1    7    9   22
   375      8    1    7    9   23
   376      8    1    7    9   24
   377      8    1    7   10   11
   378      8    1    7   10   12
   379      8    1    7   10   13
   380      8    1    7   10   14
   381      4    1    7   10   16
   382      8    1    7   10   17
   383      8    1    7   10   18
   384      8    1    7   10   19
   385      8    1    7   10   20
   386      8    1    7   10   21
   387      8    1    7   10   22
   388      8    1    7   10   23
   389      8    1    7   10   24
   390      8    1    7   11   12
   391      4    1    7   11   13
   392      8    1    7   11   14
   393      8    1    7   11   17
   394      8    1    7   11   18
   395      8    1    7   11   19
   396      8    1    7   11   20
   397      8    1    7   11   21
   398      8    1    7   11   22
   399      8    1    7   11   23
   400      8    1    7   11   24
   401      4    1    7   12   14
   402      8    1    7   12   17
   403      8    1    7   12   18
   404      8    1    7   12   19
   405      8    1    7   12   20
   406      8    1    7   12   21
   407      8    1    7   12   22
   408      8    1    7   12   23
   409      8    1    7   12   24
   410      8    1    7   17   18
   411      8    1    7   17   19
   412      8    1    7   17   20
   413      8    1    7   17   21
   414      8    1    7   17   22
   415      4    1    7   17   23
   416      8    1    7   17   24
   417      8    1    7   18   19
   418      8    1    7   18   20
   419      8    1    7   18   21
   420      8    1    7   18   22
   421      4    1    7   18   24
   422      8    1    7   19   20
   423      4    1    7   19   21
   424      8    1    7   19   22
   425      4    1    7   20   22
   426      8    1    8    9   10
   427      8    1    8    9   11
   428      8    1    8    9   12
   429      8    1    8    9   13
   430      8    1    8    9   14
   431      4    1    8    9   15
   432      8    1    8    9   16
   433      8    1    8    9   17
   434      8    1    8    9   18
   435      8    1    8    9   19
   436      8    1    8    9   20
   437      8    1    8    9   21
   438      8    1    8    9   22
   439      8    1    8    9   23
   440      8    1    8    9   24
   441      8    1    8   10   11
   442      8    1    8   10   12
   443      8    1    8   10   13
   444      8    1    8   10   14
   445      4    1    8   10   16
   446      8    1    8   10   17
   447      8    1    8   10   18
   448      8    1    8   10   19
   449      8    1    8   10   20
   450      8    1    8   10   21
   451      8    1    8   10   22
   452      8    1    8   10   23
   453      8    1    8   10   24
   454      8    1    8   11   12
   455      4    1    8   11   13
   456      8    1    8   11   14
   457      8    1    8   11   17
   458      8    1    8   11   18
   459      8    1    8   11   19
   460      8    1    8   11   20
   461      8    1    8   11   21
   462      8    1    8   11   22
   463      8    1    8   11   23
   464      8    1    8   11   24
   465      4    1    8   12   14
   466      8    1    8   12   17
   467      8    1    8   12   18
   468      8    1    8   12   19
   469      8    1    8   12   20
   470      8    1    8   12   21
   471      8    1    8   12   22
   472      8    1    8   12   23
   473      8    1    8   12   24
   474      8    1    8   17   18
   475      8    1    8   17   19
   476      8    1    8   17   20
   477      8    1    8   17   21
   478      8    1    8   17   22
   479      4    1    8   17   23
   480      8    1    8   17   24
   481      8    1    8   18   19
   482      8    1    8   18   20
   483      8    1    8   18   21
   484      8    1    8   18   22
   485      4    1    8   18   24
   486      8    1    8   19   20
   487      4    1    8   19   21
   488      8    1    8   19   22
   489      4    1    8   20   22
   490      8    1    9   10   11
   491      8    1    9   10   12
   492      8    1    9   10   13
   493      8    1    9   10   14
   494      8    1    9   10   15
   495      8    1    9   10   16
   496      8    1    9   10   17
   497      8    1    9   10   18
   498      8    1    9   10   19
   499      8    1    9   10   20
   500      8    1    9   10   21
   501      8    1    9   10   22
   502      8    1    9   10   23
   503      8    1    9   10   24
   504      8    1    9   11   12
   505      8    1    9   11   13
   506      8    1    9   11   14
   507      8    1    9   11   15
   508      8    1    9   11   16
   509      8    1    9   11   17
   510      8    1    9   11   18
   511      8    1    9   11   19
   512      8    1    9   11   20
   513      8    1    9   11   21
   514      8    1    9   11   22
   515      8    1    9   11   23
   516      8    1    9   11   24
   517      8    1    9   12   13
   518      8    1    9   12   14
   519      8    1    9   12   15
   520      8    1    9   12   16
   521      8    1    9   12   17
   522      8    1    9   12   18
   523      8    1    9   12   19
   524      8    1    9   12   20
   525      8    1    9   12   21
   526      8    1    9   12   22
   527      8    1    9   12   23
   528      8    1    9   12   24
   529      8    1    9   13   14
   530      8    1    9   13   16
   531      8    1    9   13   17
   532      8    1    9   13   18
   533      8    1    9   13   19
   534      8    1    9   13   20
   535      8    1    9   13   21
   536      8    1    9   13   22
   537      8    1    9   13   23
   538      8    1    9   13   24
   539      8    1    9   14   16
   540      8    1    9   14   17
   541      8    1    9   14   18
   542      8    1    9   14   19
   543      8    1    9   14   20
   544      8    1    9   14   21
   545      8    1    9   14   22
   546      8    1    9   14   23
   547      8    1    9   14   24
   548      8    1    9   15   17
   549      8    1    9   15   18
   550      8    1    9   15   19
   551      8    1    9   15   20
   552      8    1    9   16   17
   553      8    1    9   16   18
   554      8    1    9   16   19
   555      8    1    9   16   20
   556      8    1    9   16   21
   557      8    1    9   16   22
   558      8    1    9   16   23
   559      8    1    9   16   24
   560      8    1    9   17   18
   561      8    1    9   17   19
   562      8    1    9   17   20
   563      8    1    9   17   21
   564      8    1    9   17   22
   565      8    1    9   17   23
   566      8    1    9   17   24
   567      8    1    9   18   19
   568      8    1    9   18   20
   569      8    1    9   18   21
   570      8    1    9   18   22
   571      8    1    9   18   23
   572      8    1    9   18   24
   573      8    1    9   19   20
   574      8    1    9   19   21
   575      8    1    9   19   22
   576      8    1    9   19   23
   577      8    1    9   19   24
   578      8    1    9   20   21
   579      8    1    9   20   22
   580      8    1    9   20   23
   581      8    1    9   20   24
   582      8    1    9   21   22
   583      8    1    9   21   23
   584      8    1    9   21   24
   585      8    1    9   22   23
   586      8    1    9   22   24
   587      8    1    9   23   24
   588      8    1   10   11   12
   589      8    1   10   11   13
   590      8    1   10   11   14
   591      8    1   10   11   16
   592      8    1   10   11   17
   593      8    1   10   11   18
   594      8    1   10   11   19
   595      8    1   10   11   20
   596      8    1   10   11   21
   597      8    1   10   11   22
   598      8    1   10   11   23
   599      8    1   10   11   24
   600      8    1   10   12   13
   601      8    1   10   12   14
   602      8    1   10   12   16
   603      8    1   10   12   17
   604      8    1   10   12   18
   605      8    1   10   12   19
   606      8    1   10   12   20
   607      8    1   10   12   21
   608      8    1   10   12   22
   609      8    1   10   12   23
   610      8    1   10   12   24
   611      8    1   10   13   14
   612      8    1   10   13   17
   613      8    1   10   13   18
   614      8    1   10   13   19
   615      8    1   10   13   20
   616      8    1   10   13   21
   617      8    1   10   13   22
   618      8    1   10   13   23
   619      8    1   10   13   24
   620      8    1   10   14   17
   621      8    1   10   14   18
   622      8    1   10   14   19
   623      8    1   10   14   20
   624      8    1   10   14   21
   625      8    1   10   14   22
   626      8    1   10   14   23
   627      8    1   10   14   24
   628      8    1   10   16   17
   629      8    1   10   16   18
   630      8    1   10   16   19
   631      8    1   10   16   20
   632      8    1   10   17   18
   633      8    1   10   17   19
   634      8    1   10   17   20
   635      8    1   10   17   21
   636      8    1   10   17   22
   637      8    1   10   17   23
   638      8    1   10   17   24
   639      8    1   10   18   19
   640      8    1   10   18   20
   641      8    1   10   18   21
   642      8    1   10   18   22
   643      8    1   10   18   23
   644      8    1   10   18   24
   645      8    1   10   19   20
   646      8    1   10   19   21
   647      8    1   10   19   22
   648      8    1   10   19   23
   649      8    1   10   19   24
   650      8    1   10   20   21
   651      8    1   10   20   22
   652      8    1   10   20   23
   653      8    1   10   20   24
   654      8    1   10   21   22
   655      8    1   10   21   23
   656      8    1   10   21   24
   657      8    1   10   22   23
   658      8    1   10   22   24
   659      8    1   10   23   24
   660      8    1   11   12   13
   661      8    1   11   12   14
   662      8    1   11   12   17
   663      8    1   11   12   18
   664      8    1   11   12   19
   665      8    1   11   12   20
   666      8    1   11   12   21
   667      8    1   11   12   22
   668      8    1   11   12   23
   669      8    1   11   12   24
   670      8    1   11   13   17
   671      8    1   11   13   18
   672      8    1   11   13   19
   673      8    1   11   13   20
   674      8    1   11   14   17
   675      8    1   11   14   18
   676      8    1   11   14   19
   677      8    1   11   14   20
   678      8    1   11   14   21
   679      8    1   11   14   22
   680      8    1   11   14   23
   681      8    1   11   14   24
   682      8    1   11   17   18
   683      8    1   11   17   19
   684      8    1   11   17   20
   685      8    1   11   17   21
   686      8    1   11   17   22
   687      8    1   11   17   23
   688      8    1   11   17   24
   689      8    1   11   18   19
   690      8    1   11   18   20
   691      8    1   11   18   21
   692      8    1   11   18   22
   693      8    1   11   18   23
   694      8    1   11   18   24
   695      8    1   11   19   20
   696      8    1   11   19   21
   697      8    1   11   19   22
   698      8    1   11   19   23
   699      8    1   11   19   24
   700      8    1   11   20   21
   701      8    1   11   20   22
   702      8    1   11   20   23
   703      8    1   11   20   24
   704      8    1   11   21   22
   705      8    1   11   21   23
   706      8    1   11   21   24
   707      8    1   11   22   23
   708      8    1   11   22   24
   709      8    1   11   23   24
   710      8    1   12   14   17
   711      8    1   12   14   18
   712      8    1   12   14   19
   713      8    1   12   14   20
   714      8    1   12   17   18
   715      8    1   12   17   19
   716      8    1   12   17   20
   717      8    1   12   17   21
   718      8    1   12   17   22
   719      8    1   12   17   23
   720      8    1   12   17   24
   721      8    1   12   18   19
   722      8    1   12   18   20
   723      8    1   12   18   21
   724      8    1   12   18   22
   725      8    1   12   18   23
   726      8    1   12   18   24
   727      8    1   12   19   20
   728      8    1   12   19   21
   729      8    1   12   19   22
   730      8    1   12   19   23
   731      8    1   12   19   24
   732      8    1   12   20   21
   733      8    1   12   20   22
   734      8    1   12   20   23
   735      8    1   12   20   24
   736      8    1   12   21   22
   737      8    1   12   21   23
   738      8    1   12   21   24
   739      8    1   12   22   23
   740      8    1   12   22   24
   741      8    1   12   23   24
   742      8    1   17   18   19
   743      8    1   17   18   20
   744      8    1   17   18   21
   745      8    1   17   18   22
   746      8    1   17   18   23
   747      8    1   17   18   24
   748      8    1   17   19   20
   749      8    1   17   19   21
   750      8    1   17   19   22
   751      8    1   17   19   23
   752      8    1   17   19   24
   753      8    1   17   20   21
   754      8    1   17   20   22
   755      8    1   17   20   23
   756      8    1   17   20   24
   757      8    1   17   21   22
   758      8    1   17   21   24
   759      8    1   17   22   24
   760      8    1   18   19   20
   761      8    1   18   19   21
   762      8    1   18   19   22
   763      8    1   18   19   24
   764      8    1   18   20   21
   765      8    1   18   20   22
   766      8    1   18   20   24
   767      8    1   18   21   22
   768      8    1   19   20   21
   769      8    1   19   20   22
   770      1    5    6    7    8
   771      8    5    6    7    9
   772      8    5    6    7   10
   773      8    5    6    7   11
   774      8    5    6    7   12
   775      8    5    6    7   17
   776      8    5    6    7   18
   777      8    5    6    7   19
   778      8    5    6    7   20
   779      4    5    6    9   10
   780      8    5    6    9   11
   781      8    5    6    9   12
   782      8    5    6    9   13
   783      8    5    6    9   14
   784      4    5    6    9   15
   785      4    5    6    9   16
   786      8    5    6    9   17
   787      8    5    6    9   18
   788      8    5    6    9   19
   789      8    5    6    9   20
   790      8    5    6    9   21
   791      8    5    6    9   22
   792      8    5    6    9   23
   793      8    5    6    9   24
   794      4    5    6   11   12
   795      4    5    6   11   13
   796      4    5    6   11   14
   797      8    5    6   11   17
   798      8    5    6   11   18
   799      8    5    6   11   19
   800      8    5    6   11   20
   801      8    5    6   11   21
   802      8    5    6   11   22
   803      8    5    6   11   23
   804      8    5    6   11   24
   805      4    5    6   17   18
   806      8    5    6   17   19
   807      8    5    6   17   20
   808      8    5    6   17   21
   809      8    5    6   17   22
   810      4    5    6   17   23
   811      4    5    6   17   24
   812      4    5    6   19   20
   813      4    5    6   19   21
   814      4    5    6   19   22
   815      8    5    7    9   10
   816      4    5    7    9   11
   817      8    5    7    9   12
   818      4    5    7    9   13
   819      8    5    7    9   14
   820      4    5    7    9   15
   821      8    5    7    9   16
   822      8    5    7    9   17
   823      8    5    7    9   18
   824      8    5    7    9   19
   825      8    5    7    9   20
   826      8    5    7    9   21
   827      8    5    7    9   22
   828      8    5    7    9   23
   829      8    5    7    9   24
   830      4    5    7   10   12
   831      4    5    7   10   14
   832      4    5    7   10   16
   833      8    5    7   10   17
   834      8    5    7   10   18
   835      8    5    7   10   19
   836      8    5    7   10   20
   837      8    5    7   10   21
   838      8    5    7   10   22
   839      8    5    7   10   23
   840      8    5    7   10   24
   841      8    5    7   17   18
   842      4    5    7   17   19
   843      8    5    7   17   20
   844      4    5    7   17   21
   845      8    5    7   17   22
   846      4    5    7   17   23
   847      8    5    7   17   24
   848      4    5    7   18   20
   849      4    5    7   18   22
   850      4    5    7   18   24
   851      8    5    8    9   10
   852      8    5    8    9   11
   853      4    5    8    9   12
   854      8    5    8    9   13
   855      4    5    8    9   14
   856      4    5    8    9   15
   857      8    5    8    9   16
   858      8    5    8    9   17
   859      8    5    8    9   18
   860      8    5    8    9   19
   861      8    5    8    9   20
   862      8    5    8    9   21
   863      8    5    8    9   22
   864      8    5    8    9   23
   865      8    5    8    9   24
   866      4    5    8   10   11
   867      4    5    8   10   13
   868      4    5    8   10   16
   869      8    5    8   10   17
   870      8    5    8   10   18
   871      8    5    8   10   19
   872      8    5    8   10   20
   873      8    5    8   10   21
   874      8    5    8   10   22
   875      8    5    8   10   23
   876      8    5    8   10   24
   877      8    5    8   17   18
   878      8    5    8   17   19
   879      4    5    8   17   20
   880      8    5    8   17   21
   881      4    5    8   17   22
   882      4    5    8   17   23
   883      8    5    8   17   24
   884      4    5    8   18   19
   885      4    5    8   18   21
   886      4    5    8   18   24
   887      8    5    9   10   11
   888      8    5    9   10   12
   889      8    5    9   10   13
   890      8    5    9   10   14
   891      8    5    9   10   15
   892      8    5    9   10   16
   893      8    5    9   10   17
   894      8    5    9   10   18
   895      8    5    9   10   19
   896      8    5    9   10   20
   897      8    5    9   10   21
   898      8    5    9   10   22
   899      8    5    9   10   23
   900      8    5    9   10   24
   901      8    5    9   11   12
   902      8    5    9   11   13
   903      8    5    9   11   14
   904      8    5    9   11   15
   905      8    5    9   11   16
   906      8    5    9   11   17
   907      8    5    9   11   18
   908      8    5    9   11   19
   909      8    5    9   11   20
   910      8    5    9   11   21
   911      8    5    9   11   22
   912      8    5    9   11   23
   913      8    5    9   11   24
   914      8    5    9   12   13
   915      8    5    9   12   14
   916      8    5    9   12   15
   917      8    5    9   12   16
   918      8    5    9   12   17
   919      8    5    9   12   18
   920      8    5    9   12   19
   921      8    5    9   12   20
   922      8    5    9   12   21
   923      8    5    9   12   22
   924      8    5    9   12   23
   925      8    5    9   12   24
   926      8    5    9   13   14
   927      8    5    9   13   16
   928      8    5    9   13   17
   929      8    5    9   13   18
   930      8    5    9   13   19
   931      8    5    9   13   20
   932      8    5    9   13   21
   933      8    5    9   13   22
   934      8    5    9   13   23
   935      8    5    9   13   24
   936      8    5    9   14   16
   937      8    5    9   14   17
   938      8    5    9   14   18
   939      8    5    9   14   19
   940      8    5    9   14   20
   941      8    5    9   14   21
   942      8    5    9   14   22
   943      8    5    9   14   23
   944      8    5    9   14   24
   945      8    5    9   15   17
   946      8    5    9   15   18
   947      8    5    9   15   19
   948      8    5    9   15   20
   949      8    5    9   16   17
   950      8    5    9   16   18
   951      8    5    9   16   19
   952      8    5    9   16   20
   953      8    5    9   16   21
   954      8    5    9   16   22
   955      8    5    9   16   23
   956      8    5    9   16   24
   957      8    5    9   17   18
   958      8    5    9   17   19
   959      8    5    9   17   20
   960      8    5    9   17   21
   961      8    5    9   17   22
   962      8    5    9   17   23
   963      8    5    9   17   24
   964      8    5    9   18   19
   965      8    5    9   18   20
   966      8    5    9   18   21
   967      8    5    9   18   22
   968      8    5    9   18   23
   969      8    5    9   18   24
   970      8    5    9   19   20
   971      8    5    9   19   21
   972      8    5    9   19   22
   973      8    5    9   19   23
   974      8    5    9   19   24
   975      8    5    9   20   21
   976      8    5    9   20   22
   977      8    5    9   20   23
   978      8    5    9   20   24
   979      8    5    9   21   22
   980      8    5    9   21   23
   981      8    5    9   21   24
   982      8    5    9   22   23
   983      8    5    9   22   24
   984      8    5    9   23   24
   985      8    5   10   11   12
   986      8    5   10   11   13
   987      8    5   10   11   14
   988      8    5   10   11   16
   989      8    5   10   11   17
   990      8    5   10   11   18
   991      8    5   10   11   19
   992      8    5   10   11   20
   993      8    5   10   11   21
   994      8    5   10   11   22
   995      8    5   10   11   23
   996      8    5   10   11   24
   997      8    5   10   12   13
   998      8    5   10   12   14
   999      8    5   10   12   16
  1000      8    5   10   12   17
  1001      8    5   10   12   18
  1002      8    5   10   12   19
  1003      8    5   10   12   20
  1004      8    5   10   12   21
  1005      8    5   10   12   22
  1006      8    5   10   12   23
  1007      8    5   10   12   24
  1008      8    5   10   13   14
  1009      8    5   10   13   17
  1010      8    5   10   13   18
  1011      8    5   10   13   19
  1012      8    5   10   13   20
  1013      8    5   10   13   21
  1014      8    5   10   13   22
  1015      8    5   10   13   23
  1016      8    5   10   13   24
  1017      8    5   10   14   17
  1018      8    5   10   14   18
  1019      8    5   10   14   19
  1020      8    5   10   14   20
  1021      8    5   10   14   21
  1022      8    5   10   14   22
  1023      8    5   10   14   23
  1024      8    5   10   14   24
  1025      8    5   10   16   17
  1026      8    5   10   16   18
  1027      8    5   10   16   19
  1028      8    5   10   16   20
  1029      8    5   10   17   18
  1030      8    5   10   17   19
  1031      8    5   10   17   20
  1032      8    5   10   17   21
  1033      8    5   10   17   22
  1034      8    5   10   17   23
  1035      8    5   10   17   24
  1036      8    5   10   18   19
  1037      8    5   10   18   20
  1038      8    5   10   18   21
  1039      8    5   10   18   22
  1040      8    5   10   18   23
  1041      8    5   10   18   24
  1042      8    5   10   19   20
  1043      8    5   10   19   21
  1044      8    5   10   19   22
  1045      8    5   10   19   23
  1046      8    5   10   19   24
  1047      8    5   10   20   21
  1048      8    5   10   20   22
  1049      8    5   10   20   23
  1050      8    5   10   20   24
  1051      8    5   10   21   22
  1052      8    5   10   21   23
  1053      8    5   10   21   24
  1054      8    5   10   22   23
  1055      8    5   10   22   24
  1056      8    5   10   23   24
  1057      8    5   11   12   13
  1058      8    5   11   12   14
  1059      8    5   11   12   17
  1060      8    5   11   12   18
  1061      8    5   11   12   19
  1062      8    5   11   12   20
  1063      8    5   11   12   21
  1064      8    5   11   12   22
  1065      8    5   11   12   23
  1066      8    5   11   12   24
  1067      8    5   11   13   17
  1068      8    5   11   13   18
  1069      8    5   11   13   19
  1070      8    5   11   13   20
  1071      8    5   11   14   17
  1072      8    5   11   14   18
  1073      8    5   11   14   19
  1074      8    5   11   14   20
  1075      8    5   11   14   21
  1076      8    5   11   14   22
  1077      8    5   11   14   23
  1078      8    5   11   14   24
  1079      8    5   11   17   18
  1080      8    5   11   17   19
  1081      8    5   11   17   20
  1082      8    5   11   17   21
  1083      8    5   11   17   22
  1084      8    5   11   17   23
  1085      8    5   11   17   24
  1086      8    5   11   18   19
  1087      8    5   11   18   20
  1088      8    5   11   18   21
  1089      8    5   11   18   22
  1090      8    5   11   18   23
  1091      8    5   11   18   24
  1092      8    5   11   19   20
  1093      8    5   11   19   21
  1094      8    5   11   19   22
  1095      8    5   11   19   23
  1096      8    5   11   19   24
  1097      8    5   11   20   21
  1098      8    5   11   20   22
  1099      8    5   11   20   23
  1100      8    5   11   20   24
  1101      8    5   11   21   22
  1102      8    5   11   21   23
  1103      8    5   11   21   24
  1104      8    5   11   22   23
  1105      8    5   11   22   24
  1106      8    5   11   23   24
  1107      8    5   12   14   17
  1108      8    5   12   14   18
  1109      8    5   12   14   19
  1110      8    5   12   14   20
  1111      8    5   12   17   18
  1112      8    5   12   17   19
  1113      8    5   12   17   20
  1114      8    5   12   17   21
  1115      8    5   12   17   22
  1116      8    5   12   17   23
  1117      8    5   12   17   24
  1118      8    5   12   18   19
  1119      8    5   12   18   20
  1120      8    5   12   18   21
  1121      8    5   12   18   22
  1122      8    5   12   18   23
  1123      8    5   12   18   24
  1124      8    5   12   19   20
  1125      8    5   12   19   21
  1126      8    5   12   19   22
  1127      8    5   12   19   23
  1128      8    5   12   19   24
  1129      8    5   12   20   21
  1130      8    5   12   20   22
  1131      8    5   12   20   23
  1132      8    5   12   20   24
  1133      8    5   12   21   22
  1134      8    5   12   21   23
  1135      8    5   12   21   24
  1136      8    5   12   22   23
  1137      8    5   12   22   24
  1138      8    5   12   23   24
  1139      8    5   17   18   19
  1140      8    5   17   18   20
  1141      8    5   17   18   21
  1142      8    5   17   18   22
  1143      8    5   17   18   23
  1144      8    5   17   18   24
  1145      8    5   17   19   20
  1146      8    5   17   19   21
  1147      8    5   17   19   22
  1148      8    5   17   19   23
  1149      8    5   17   19   24
  1150      8    5   17   20   21
  1151      8    5   17   20   22
  1152      8    5   17   20   23
  1153      8    5   17   20   24
  1154      8    5   17   21   22
  1155      8    5   17   21   24
  1156      8    5   17   22   24
  1157      8    5   18   19   20
  1158      8    5   18   19   21
  1159      8    5   18   19   22
  1160      8    5   18   19   24
  1161      8    5   18   20   21
  1162      8    5   18   20   22
  1163      8    5   18   20   24
  1164      8    5   18   21   22
  1165      8    5   19   20   21
  1166      8    5   19   20   22
  1167      2    9   10   11   12
  1168      8    9   10   11   13
  1169      8    9   10   11   14
  1170      8    9   10   11   15
  1171      8    9   10   11   16
  1172      8    9   10   11   17
  1173      8    9   10   11   18
  1174      8    9   10   11   19
  1175      8    9   10   11   20
  1176      8    9   10   11   21
  1177      8    9   10   11   22
  1178      8    9   10   11   23
  1179      8    9   10   11   24
  1180      2    9   10   13   14
  1181      8    9   10   13   15
  1182      8    9   10   13   16
  1183      8    9   10   13   17
  1184      8    9   10   13   18
  1185      8    9   10   13   19
  1186      8    9   10   13   20
  1187      8    9   10   13   21
  1188      8    9   10   13   22
  1189      8    9   10   13   23
  1190      8    9   10   13   24
  1191      2    9   10   15   16
  1192      8    9   10   15   17
  1193      8    9   10   15   18
  1194      8    9   10   15   19
  1195      8    9   10   15   20
  1196      8    9   10   15   21
  1197      8    9   10   15   22
  1198      8    9   10   15   23
  1199      8    9   10   15   24
  1200      4    9   10   17   18
  1201      8    9   10   17   19
  1202      8    9   10   17   20
  1203      8    9   10   17   21
  1204      8    9   10   17   22
  1205      8    9   10   17   23
  1206      8    9   10   17   24
  1207      4    9   10   19   20
  1208      8    9   10   19   21
  1209      8    9   10   19   22
  1210      8    9   10   19   23
  1211      8    9   10   19   24
  1212      4    9   10   21   22
  1213      8    9   10   21   23
  1214      8    9   10   21   24
  1215      4    9   10   23   24
  1216      2    9   11   13   15
  1217      8    9   11   13   16
  1218      8    9   11   13   17
  1219      8    9   11   13   18
  1220      8    9   11   13   19
  1221      8    9   11   13   20
  1222      8    9   11   13   21
  1223      8    9   11   13   22
  1224      8    9   11   13   23
  1225      8    9   11   13   24
  1226      2    9   11   14   16
  1227      8    9   11   14   17
  1228      8    9   11   14   18
  1229      8    9   11   14   19
  1230      8    9   11   14   20
  1231      8    9   11   14   21
  1232      8    9   11   14   22
  1233      8    9   11   14   23
  1234      8    9   11   14   24
  1235      8    9   11   17   18
  1236      4    9   11   17   19
  1237      8    9   11   17   20
  1238      8    9   11   17   21
  1239      8    9   11   17   22
  1240      8    9   11   17   23
  1241      8    9   11   17   24
  1242      4    9   11   18   20
  1243      8    9   11   18   21
  1244      8    9   11   18   22
  1245      8    9   11   18   23
  1246      8    9   11   18   24
  1247      8    9   11   21   22
  1248      4    9   11   21   23
  1249      8    9   11   21   24
  1250      4    9   11   22   24
  1251      2    9   12   13   16
  1252      8    9   12   13   17
  1253      8    9   12   13   18
  1254      8    9   12   13   19
  1255      8    9   12   13   20
  1256      8    9   12   13   21
  1257      8    9   12   13   22
  1258      8    9   12   13   23
  1259      8    9   12   13   24
  1260      2    9   12   14   15
  1261      8    9   12   14   17
  1262      8    9   12   14   18
  1263      8    9   12   14   19
  1264      8    9   12   14   20
  1265      8    9   12   14   21
  1266      8    9   12   14   22
  1267      8    9   12   14   23
  1268      8    9   12   14   24
  1269      8    9   12   17   18
  1270      8    9   12   17   19
  1271      4    9   12   17   20
  1272      8    9   12   17   21
  1273      8    9   12   17   22
  1274      8    9   12   17   23
  1275      8    9   12   17   24
  1276      4    9   12   18   19
  1277      8    9   12   18   21
  1278      8    9   12   18   22
  1279      8    9   12   18   23
  1280      8    9   12   18   24
  1281      8    9   12   21   22
  1282      8    9   12   21   23
  1283      4    9   12   21   24
  1284      4    9   12   22   23
  1285      8    9   13   17   18
  1286      8    9   13   17   19
  1287      8    9   13   17   20
  1288      4    9   13   17   21
  1289      8    9   13   17   22
  1290      8    9   13   17   23
  1291      8    9   13   17   24
  1292      8    9   13   18   19
  1293      8    9   13   18   20
  1294      4    9   13   18   22
  1295      8    9   13   18   23
  1296      8    9   13   18   24
  1297      8    9   13   19   20
  1298      4    9   13   19   23
  1299      8    9   13   19   24
  1300      4    9   13   20   24
  1301      8    9   14   17   18
  1302      8    9   14   17   19
  1303      8    9   14   17   20
  1304      8    9   14   17   21
  1305      4    9   14   17   22
  1306      8    9   14   17   23
  1307      8    9   14   17   24
  1308      8    9   14   18   19
  1309      8    9   14   18   20
  1310      4    9   14   18   21
  1311      8    9   14   18   23
  1312      8    9   14   18   24
  1313      8    9   14   19   20
  1314      8    9   14   19   23
  1315      4    9   14   19   24
  1316      4    9   14   20   23
  1317      8    9   15   17   18
  1318      8    9   15   17   19
  1319      8    9   15   17   20
  1320      8    9   15   17   21
  1321      8    9   15   17   22
  1322      4    9   15   17   23
  1323      8    9   15   17   24
  1324      8    9   15   18   19
  1325      8    9   15   18   20
  1326      8    9   15   18   21
  1327      8    9   15   18   22
  1328      4    9   15   18   24
  1329      8    9   15   19   20
  1330      4    9   15   19   21
  1331      8    9   15   19   22
  1332      4    9   15   20   22
  1333      8    9   16   17   18
  1334      8    9   16   17   19
  1335      8    9   16   17   20
  1336      8    9   16   17   21
  1337      8    9   16   17   22
  1338      8    9   16   17   23
  1339      4    9   16   17   24
  1340      8    9   16   18   19
  1341      8    9   16   18   20
  1342      8    9   16   18   21
  1343      8    9   16   18   22
  1344      4    9   16   18   23
  1345      8    9   16   19   20
  1346      8    9   16   19   21
  1347      4    9   16   19   22
  1348      4    9   16   20   21
  1349      8    9   17   18   19
  1350      8    9   17   18   20
  1351      8    9   17   18   21
  1352      8    9   17   18   22
  1353      8    9   17   18   23
  1354      8    9   17   18   24
  1355      8    9   17   19   20
  1356      8    9   17   19   21
  1357      8    9   17   19   22
  1358      8    9   17   19   23
  1359      8    9   17   19   24
  1360      8    9   17   20   21
  1361      8    9   17   20   22
  1362      8    9   17   20   23
  1363      8    9   17   20   24
  1364      8    9   17   21   22
  1365      8    9   17   21   23
  1366      8    9   17   21   24
  1367      8    9   17   22   23
  1368      8    9   17   22   24
  1369      8    9   17   23   24
  1370      8    9   18   19   20
  1371      8    9   18   19   21
  1372      8    9   18   19   22
  1373      8    9   18   19   23
  1374      8    9   18   19   24
  1375      8    9   18   20   21
  1376      8    9   18   20   22
  1377      8    9   18   20   23
  1378      8    9   18   20   24
  1379      8    9   18   21   22
  1380      8    9   18   21   23
  1381      8    9   18   21   24
  1382      8    9   18   22   23
  1383      8    9   18   22   24
  1384      8    9   18   23   24
  1385      8    9   19   20   21
  1386      8    9   19   20   22
  1387      8    9   19   20   23
  1388      8    9   19   20   24
  1389      8    9   19   21   22
  1390      8    9   19   21   23
  1391      8    9   19   21   24
  1392      8    9   19   22   23
  1393      8    9   19   22   24
  1394      8    9   19   23   24
  1395      8    9   20   21   22
  1396      8    9   20   21   23
  1397      8    9   20   21   24
  1398      8    9   20   22   23
  1399      8    9   20   22   24
  1400      8    9   20   23   24
  1401      8    9   21   22   23
  1402      8    9   21   22   24
  1403      8    9   21   23   24
  1404      8    9   22   23   24
  1405      2   17   18   19   20
  1406      8   17   18   19   21
  1407      8   17   18   19   22
  1408      8   17   18   19   23
  1409      8   17   18   19   24
  1410      2   17   18   21   22
  1411      8   17   18   21   23
  1412      8   17   18   21   24
  1413      2   17   18   23   24
  1414      2   17   19   21   23
  1415      8   17   19   21   24
  1416      2   17   19   22   24
  1417      2   17   20   21   24
  1418      2   17   20   22   23
