 List of operators for configuration:                     1
           1
   1.00000000       0.00000000       0.00000000       0.00000000    
   0.00000000       1.00000000       0.00000000       0.00000000    
   0.00000000       0.00000000       1.00000000       0.00000000    
           0
 List of operators for configuration:                     2
           1
   1.00000000       0.00000000       0.00000000       0.00000000    
   0.00000000       1.00000000       0.00000000       0.00000000    
   0.00000000       0.00000000       1.00000000       0.00000000    
           0
 List of operators for configuration:                     3
           1
   1.00000000       0.00000000       0.00000000       0.00000000    
   0.00000000       1.00000000       0.00000000       0.00000000    
   0.00000000       0.00000000       1.00000000       0.00000000    
           0
