   10.4500     15.0280      8.9540     90.0000    105.6400     90.0000
          24          48
Si     0.3516000    0.2445000    0.8939000
Si     0.6484000    0.2445000    0.1061000
Si     0.6484000    0.7555000    0.1061000
Si     0.3516000    0.7555000    0.8939000
Si     0.8516000    0.7445000    0.8939000
Si     0.1484000    0.7445000    0.1061000
Si     0.1484000    0.2555000    0.1061000
Si     0.8516000    0.2555000    0.8939000
Si     0.3067000    0.3979000    0.3317000
Si     0.6933000    0.3979000    0.6683000
Si     0.6933000    0.6021000    0.6683000
Si     0.3067000    0.6021000    0.3317000
Si     0.8067000    0.8979000    0.3317000
Si     0.1933000    0.8979000    0.6683000
Si     0.1933000    0.1021000    0.6683000
Si     0.8067000    0.1021000    0.3317000
Si     0.4039000    0.3979000    0.6863000
Si     0.5961000    0.3979000    0.3137000
Si     0.5961000    0.6021000    0.3137000
Si     0.4039000    0.6021000    0.6863000
Si     0.9039000    0.8979000    0.6863000
Si     0.0961000    0.8979000    0.3137000
Si     0.0961000    0.1021000    0.3137000
Si     0.9039000    0.1021000    0.6863000
O      0.5000000    0.2266000    0.0000000
O      0.5000000    0.7734000    0.0000000
O      0.0000000    0.7266000    0.0000000
O      0.0000000    0.2734000    0.0000000
O      0.3094000    0.1641000    0.7715000
O      0.6906000    0.1641000    0.2285000
O      0.6906000    0.8359000    0.2285000
O      0.3094000    0.8359000    0.7715000
O      0.8094000    0.6641000    0.7715000
O      0.1906000    0.6641000    0.2285000
O      0.1906000    0.3359000    0.2285000
O      0.8094000    0.3359000    0.7715000
O      0.3467000    0.3367000    0.8011000
O      0.6533000    0.3367000    0.1989000
O      0.6533000    0.6633000    0.1989000
O      0.3467000    0.6633000    0.8011000
O      0.8467000    0.8367000    0.8011000
O      0.1533000    0.8367000    0.1989000
O      0.1533000    0.1633000    0.1989000
O      0.8467000    0.1633000    0.8011000
O      0.2500000    0.2500000    0.0000000
O      0.7500000    0.2500000    0.0000000
O      0.7500000    0.7500000    0.0000000
O      0.2500000    0.7500000    0.0000000
O      0.4367000    0.3895000    0.2686000
O      0.5633000    0.3895000    0.7314000
O      0.5633000    0.6105000    0.7314000
O      0.4367000    0.6105000    0.2686000
O      0.9367000    0.8895000    0.2686000
O      0.0633000    0.8895000    0.7314000
O      0.0633000    0.1105000    0.7314000
O      0.9367000    0.1105000    0.2686000
O      0.3423000    0.3661000    0.5098000
O      0.6577000    0.3661000    0.4902000
O      0.6577000    0.6339000    0.4902000
O      0.3423000    0.6339000    0.5098000
O      0.8423000    0.8661000    0.5098000
O      0.1577000    0.8661000    0.4902000
O      0.1577000    0.1339000    0.4902000
O      0.8423000    0.1339000    0.5098000
O      0.2581000    0.5000000    0.3196000
O      0.7419000    0.5000000    0.6804000
O      0.7581000    0.0000000    0.3196000
O      0.2419000    0.0000000    0.6804000
O      0.3632000    0.5000000    0.7035000
O      0.6368000    0.5000000    0.2965000
O      0.8632000    0.0000000    0.7035000
O      0.1368000    0.0000000    0.2965000
