           2  substitutions in           24 sites
                   45  configurations
     1      4    1    2
     2      4    1    3
     3      4    1    4
     4      4    1    5
     5      4    1    6
     6      4    1    7
     7      4    1    8
     8      8    1    9
     9      8    1   10
    10      8    1   11
    11      8    1   12
    12      8    1   13
    13      8    1   14
    14      8    1   15
    15      8    1   16
    16      8    1   17
    17      8    1   18
    18      8    1   19
    19      8    1   20
    20      8    1   21
    21      8    1   22
    22      8    1   23
    23      8    1   24
    24      4    9   10
    25      4    9   11
    26      4    9   12
    27      4    9   13
    28      4    9   14
    29      4    9   15
    30      4    9   16
    31      8    9   17
    32      8    9   18
    33      8    9   19
    34      8    9   20
    35      8    9   21
    36      8    9   22
    37      8    9   23
    38      8    9   24
    39      4   17   18
    40      4   17   19
    41      4   17   20
    42      4   17   21
    43      4   17   22
    44      4   17   23
    45      4   17   24
