           3  substitutions in           12 sites
                   60  configurations
     1      4    1    2    3
     2      4    1    2    5
     3      4    1    2    7
     4      4    1    2    9
     5      4    1    2   11
     6      4    1    3    5
     7      4    1    3    6
     8      4    1    3    9
     9      4    1    3   11
    10      4    1    4    5
    11      4    1    4    6
    12      2    1    4    9
    13      2    1    4   10
    14      2    1    4   11
    15      2    1    4   12
    16      4    1    5    6
    17      4    1    5    7
    18      4    1    5    8
    19      4    1    5    9
    20      4    1    5   10
    21      4    1    5   11
    22      4    1    5   12
    23      4    1    6    7
    24      4    1    6    8
    25      4    1    6    9
    26      4    1    6   10
    27      4    1    6   11
    28      4    1    6   12
    29      4    1    7    8
    30      4    1    7    9
    31      4    1    7   10
    32      4    1    7   11
    33      4    1    7   12
    34      4    1    8    9
    35      4    1    8   10
    36      4    1    8   11
    37      4    1    8   12
    38      4    1    9   10
    39      4    1    9   11
    40      4    1    9   12
    41      4    1   10   11
    42      4    1   10   12
    43      4    1   11   12
    44      4    5    6    7
    45      4    5    6    9
    46      4    5    6   11
    47      4    5    7    9
    48      4    5    7   11
    49      2    5    8    9
    50      2    5    8   10
    51      2    5    8   11
    52      2    5    8   12
    53      4    5    9   10
    54      4    5    9   11
    55      4    5    9   12
    56      4    5   10   11
    57      4    5   10   12
    58      4    5   11   12
    59      2    9   10   11
    60      2    9   11   12
