 Configuration with minimum energy:           33
 Configuration with maximum energy:           50

Temperature=      1.0000
         m  omega(m)   Erel(m)/eV       p(m)      p(m)/omega(m)
         1         4  0.241706E+00      0.0000      0.0000
         2         4  0.270455E+00      0.0000      0.0000
         3         4  0.195977E+00      0.0000      0.0000
         4         4  0.113251E+00      0.0000      0.0000
         5         4  0.217072E+00      0.0000      0.0000
         6         4  0.341412E-01      0.0000      0.0000
         7         4  0.151889E+00      0.0000      0.0000
         8         4  0.154012E-01      0.0000      0.0000
         9         4  0.119521E+00      0.0000      0.0000
        10         4  0.299576E+00      0.0000      0.0000
        11         4  0.398469E+00      0.0000      0.0000
        12         2  0.381530E+00      0.0000      0.0000
        13         2  0.204145E+00      0.0000      0.0000
        14         2  0.576878E+00      0.0000      0.0000
        15         2  0.232788E+00      0.0000      0.0000
        16         4  0.271166E+00      0.0000      0.0000
        17         4  0.893247E-01      0.0000      0.0000
        18         4  0.359908E+00      0.0000      0.0000
        19         4  0.151501E+00      0.0000      0.0000
        20         4  0.253433E+00      0.0000      0.0000
        21         4  0.251959E+00      0.0000      0.0000
        22         4  0.100395E+00      0.0000      0.0000
        23         4  0.513472E+00      0.0000      0.0000
        24         4  0.249353E+00      0.0000      0.0000
        25         4  0.395566E+00      0.0000      0.0000
        26         4  0.167234E+00      0.0000      0.0000
        27         4  0.356177E+00      0.0000      0.0000
        28         4  0.131277E+00      0.0000      0.0000
        29         4  0.186943E+00      0.0000      0.0000
        30         4  0.404609E+00      0.0000      0.0000
        31         4  0.468226E-01      0.0000      0.0000
        32         4  0.294263E+00      0.0000      0.0000
        33         4  0.000000E+00      1.0000      0.2500
        34         4  0.194367E+00      0.0000      0.0000
        35         4  0.250267E+00      0.0000      0.0000
        36         4  0.199627E+00      0.0000      0.0000
        37         4  0.803208E-01      0.0000      0.0000
        38         4  0.157011E+00      0.0000      0.0000
        39         4  0.420926E+00      0.0000      0.0000
        40         4  0.183227E-01      0.0000      0.0000
        41         4  0.168158E+00      0.0000      0.0000
        42         4  0.133918E+00      0.0000      0.0000
        43         4  0.267227E+00      0.0000      0.0000
        44         4  0.390049E+00      0.0000      0.0000
        45         4  0.306011E+00      0.0000      0.0000
        46         4  0.911417E-01      0.0000      0.0000
        47         4  0.237545E+00      0.0000      0.0000
        48         4  0.395788E-01      0.0000      0.0000
        49         2  0.354621E+00      0.0000      0.0000
        50         2  0.663069E+00      0.0000      0.0000
        51         2  0.214267E+00      0.0000      0.0000
        52         2  0.355750E+00      0.0000      0.0000
        53         4  0.325733E+00      0.0000      0.0000
        54         4  0.149541E+00      0.0000      0.0000
        55         4  0.722776E-01      0.0000      0.0000
        56         4  0.163884E+00      0.0000      0.0000
        57         4  0.403541E+00      0.0000      0.0000
        58         4  0.127708E+00      0.0000      0.0000
        59         2  0.184992E+00      0.0000      0.0000
        60         2  0.187026E+00      0.0000      0.0000


Temperature=    300.0000
         m  omega(m)   Erel(m)/eV       p(m)      p(m)/omega(m)
         1         4  0.241706E+00      0.0000      0.0000
         2         4  0.270455E+00      0.0000      0.0000
         3         4  0.195977E+00      0.0002      0.0000
         4         4  0.113251E+00      0.0043      0.0011
         5         4  0.217072E+00      0.0001      0.0000
         6         4  0.341412E-01      0.0908      0.0227
         7         4  0.151889E+00      0.0010      0.0002
         8         4  0.154012E-01      0.1875      0.0469
         9         4  0.119521E+00      0.0033      0.0008
        10         4  0.299576E+00      0.0000      0.0000
        11         4  0.398469E+00      0.0000      0.0000
        12         2  0.381530E+00      0.0000      0.0000
        13         2  0.204145E+00      0.0001      0.0000
        14         2  0.576878E+00      0.0000      0.0000
        15         2  0.232788E+00      0.0000      0.0000
        16         4  0.271166E+00      0.0000      0.0000
        17         4  0.893247E-01      0.0107      0.0027
        18         4  0.359908E+00      0.0000      0.0000
        19         4  0.151501E+00      0.0010      0.0002
        20         4  0.253433E+00      0.0000      0.0000
        21         4  0.251959E+00      0.0000      0.0000
        22         4  0.100395E+00      0.0070      0.0018
        23         4  0.513472E+00      0.0000      0.0000
        24         4  0.249353E+00      0.0000      0.0000
        25         4  0.395566E+00      0.0000      0.0000
        26         4  0.167234E+00      0.0005      0.0001
        27         4  0.356177E+00      0.0000      0.0000
        28         4  0.131277E+00      0.0021      0.0005
        29         4  0.186943E+00      0.0002      0.0001
        30         4  0.404609E+00      0.0000      0.0000
        31         4  0.468226E-01      0.0556      0.0139
        32         4  0.294263E+00      0.0000      0.0000
        33         4  0.000000E+00      0.3403      0.0851
        34         4  0.194367E+00      0.0002      0.0000
        35         4  0.250267E+00      0.0000      0.0000
        36         4  0.199627E+00      0.0002      0.0000
        37         4  0.803208E-01      0.0152      0.0038
        38         4  0.157011E+00      0.0008      0.0002
        39         4  0.420926E+00      0.0000      0.0000
        40         4  0.183227E-01      0.1675      0.0419
        41         4  0.168158E+00      0.0005      0.0001
        42         4  0.133918E+00      0.0019      0.0005
        43         4  0.267227E+00      0.0000      0.0000
        44         4  0.390049E+00      0.0000      0.0000
        45         4  0.306011E+00      0.0000      0.0000
        46         4  0.911417E-01      0.0100      0.0025
        47         4  0.237545E+00      0.0000      0.0000
        48         4  0.395788E-01      0.0736      0.0184
        49         2  0.354621E+00      0.0000      0.0000
        50         2  0.663069E+00      0.0000      0.0000
        51         2  0.214267E+00      0.0000      0.0000
        52         2  0.355750E+00      0.0000      0.0000
        53         4  0.325733E+00      0.0000      0.0000
        54         4  0.149541E+00      0.0010      0.0003
        55         4  0.722776E-01      0.0208      0.0052
        56         4  0.163884E+00      0.0006      0.0002
        57         4  0.403541E+00      0.0000      0.0000
        58         4  0.127708E+00      0.0024      0.0006
        59         2  0.184992E+00      0.0001      0.0001
        60         2  0.187026E+00      0.0001      0.0001


Temperature=   1000.0000
         m  omega(m)   Erel(m)/eV       p(m)      p(m)/omega(m)
         1         4  0.241706E+00      0.0060      0.0015
         2         4  0.270455E+00      0.0043      0.0011
         3         4  0.195977E+00      0.0102      0.0025
         4         4  0.113251E+00      0.0266      0.0066
         5         4  0.217072E+00      0.0080      0.0020
         6         4  0.341412E-01      0.0666      0.0167
         7         4  0.151889E+00      0.0170      0.0042
         8         4  0.154012E-01      0.0828      0.0207
         9         4  0.119521E+00      0.0247      0.0062
        10         4  0.299576E+00      0.0031      0.0008
        11         4  0.398469E+00      0.0010      0.0002
        12         2  0.381530E+00      0.0006      0.0003
        13         2  0.204145E+00      0.0046      0.0023
        14         2  0.576878E+00      0.0001      0.0000
        15         2  0.232788E+00      0.0033      0.0017
        16         4  0.271166E+00      0.0043      0.0011
        17         4  0.893247E-01      0.0351      0.0088
        18         4  0.359908E+00      0.0015      0.0004
        19         4  0.151501E+00      0.0171      0.0043
        20         4  0.253433E+00      0.0052      0.0013
        21         4  0.251959E+00      0.0053      0.0013
        22         4  0.100395E+00      0.0309      0.0077
        23         4  0.513472E+00      0.0003      0.0001
        24         4  0.249353E+00      0.0055      0.0014
        25         4  0.395566E+00      0.0010      0.0003
        26         4  0.167234E+00      0.0142      0.0036
        27         4  0.356177E+00      0.0016      0.0004
        28         4  0.131277E+00      0.0216      0.0054
        29         4  0.186943E+00      0.0113      0.0028
        30         4  0.404609E+00      0.0009      0.0002
        31         4  0.468226E-01      0.0575      0.0144
        32         4  0.294263E+00      0.0033      0.0008
        33         4  0.000000E+00      0.0990      0.0247
        34         4  0.194367E+00      0.0104      0.0026
        35         4  0.250267E+00      0.0054      0.0014
        36         4  0.199627E+00      0.0098      0.0024
        37         4  0.803208E-01      0.0390      0.0097
        38         4  0.157011E+00      0.0160      0.0040
        39         4  0.420926E+00      0.0007      0.0002
        40         4  0.183227E-01      0.0800      0.0200
        41         4  0.168158E+00      0.0141      0.0035
        42         4  0.133918E+00      0.0209      0.0052
        43         4  0.267227E+00      0.0045      0.0011
        44         4  0.390049E+00      0.0011      0.0003
        45         4  0.306011E+00      0.0028      0.0007
        46         4  0.911417E-01      0.0344      0.0086
        47         4  0.237545E+00      0.0063      0.0016
        48         4  0.395788E-01      0.0625      0.0156
        49         2  0.354621E+00      0.0008      0.0004
        50         2  0.663069E+00      0.0000      0.0000
        51         2  0.214267E+00      0.0041      0.0021
        52         2  0.355750E+00      0.0008      0.0004
        53         4  0.325733E+00      0.0023      0.0006
        54         4  0.149541E+00      0.0175      0.0044
        55         4  0.722776E-01      0.0428      0.0107
        56         4  0.163884E+00      0.0148      0.0037
        57         4  0.403541E+00      0.0009      0.0002
        58         4  0.127708E+00      0.0225      0.0056
        59         2  0.184992E+00      0.0058      0.0029
        60         2  0.187026E+00      0.0056      0.0028


 Infinite Temperature Limit
         m  omega(m)   Erel(m)/eV       p(m)      p(m)/omega(m)
         1         4  0.241706E+00      0.0182      0.0045
         2         4  0.270455E+00      0.0182      0.0045
         3         4  0.195977E+00      0.0182      0.0045
         4         4  0.113251E+00      0.0182      0.0045
         5         4  0.217072E+00      0.0182      0.0045
         6         4  0.341412E-01      0.0182      0.0045
         7         4  0.151889E+00      0.0182      0.0045
         8         4  0.154012E-01      0.0182      0.0045
         9         4  0.119521E+00      0.0182      0.0045
        10         4  0.299576E+00      0.0182      0.0045
        11         4  0.398469E+00      0.0182      0.0045
        12         2  0.381530E+00      0.0091      0.0045
        13         2  0.204145E+00      0.0091      0.0045
        14         2  0.576878E+00      0.0091      0.0045
        15         2  0.232788E+00      0.0091      0.0045
        16         4  0.271166E+00      0.0182      0.0045
        17         4  0.893247E-01      0.0182      0.0045
        18         4  0.359908E+00      0.0182      0.0045
        19         4  0.151501E+00      0.0182      0.0045
        20         4  0.253433E+00      0.0182      0.0045
        21         4  0.251959E+00      0.0182      0.0045
        22         4  0.100395E+00      0.0182      0.0045
        23         4  0.513472E+00      0.0182      0.0045
        24         4  0.249353E+00      0.0182      0.0045
        25         4  0.395566E+00      0.0182      0.0045
        26         4  0.167234E+00      0.0182      0.0045
        27         4  0.356177E+00      0.0182      0.0045
        28         4  0.131277E+00      0.0182      0.0045
        29         4  0.186943E+00      0.0182      0.0045
        30         4  0.404609E+00      0.0182      0.0045
        31         4  0.468226E-01      0.0182      0.0045
        32         4  0.294263E+00      0.0182      0.0045
        33         4  0.000000E+00      0.0182      0.0045
        34         4  0.194367E+00      0.0182      0.0045
        35         4  0.250267E+00      0.0182      0.0045
        36         4  0.199627E+00      0.0182      0.0045
        37         4  0.803208E-01      0.0182      0.0045
        38         4  0.157011E+00      0.0182      0.0045
        39         4  0.420926E+00      0.0182      0.0045
        40         4  0.183227E-01      0.0182      0.0045
        41         4  0.168158E+00      0.0182      0.0045
        42         4  0.133918E+00      0.0182      0.0045
        43         4  0.267227E+00      0.0182      0.0045
        44         4  0.390049E+00      0.0182      0.0045
        45         4  0.306011E+00      0.0182      0.0045
        46         4  0.911417E-01      0.0182      0.0045
        47         4  0.237545E+00      0.0182      0.0045
        48         4  0.395788E-01      0.0182      0.0045
        49         2  0.354621E+00      0.0091      0.0045
        50         2  0.663069E+00      0.0091      0.0045
        51         2  0.214267E+00      0.0091      0.0045
        52         2  0.355750E+00      0.0091      0.0045
        53         4  0.325733E+00      0.0182      0.0045
        54         4  0.149541E+00      0.0182      0.0045
        55         4  0.722776E-01      0.0182      0.0045
        56         4  0.163884E+00      0.0182      0.0045
        57         4  0.403541E+00      0.0182      0.0045
        58         4  0.127708E+00      0.0182      0.0045
        59         2  0.184992E+00      0.0091      0.0045
        60         2  0.187026E+00      0.0091      0.0045
