  -2940.4244946099998     
  -2940.4233932900001     
  -2940.4365392099994     
  -2940.3937192499998     
  -2940.5513680099998     
  -2940.5647140299998     
  -2940.3329837299998     
  -2940.5338991300005     
  -2940.6431352899999     
  -2940.6346647999999     
  -2940.6216734000004     
  -2940.6693688900000     
  -2940.5337288300002     
  -2940.6371464300005     
  -2940.6420219600004     
  -2940.5195278199999     
  -2940.6690607100004     
  -2940.5947009900005     
  -2940.6290504600001     
  -2940.6347311400000     
  -2940.4984404500001     
  -2940.5018688800005     
  -2940.3911507700000     
  -2940.5536750599999     
  -2940.5215904799998     
  -2940.5134746100002     
  -2940.5300489599999     
  -2940.4742575000000     
  -2940.6494697800003     
  -2940.5261704899999     
  -2940.6222607300001     
  -2940.6436188000002     
  -2940.6173731900003     
  -2940.6177477100000     
  -2940.4010515700002     
  -2940.5852991500005     
  -2940.5851288500003     
  -2940.5532689000006     
  -2940.4524515900002     
  -2940.6858149500003     
  -2940.7120485500004     
  -2940.5727286200004     
  -2940.6604273700004     
  -2940.7048146700004     
  -2940.6918232700009     
  -2940.5444073700005     
  -2940.6875230600008     
  -2940.5887241600008     
  -2940.6734433200008     
  -2940.6653473500005     
  -2940.5578873700001     
  -2940.6799156900006     
  -2940.7232183700007     
  -2940.6758974000008     
  -2940.5946710200005     
  -2940.7034571400004     
  -2940.5922866100009     
  -2940.7068281500005     
  -2940.6857407800007     
  -2940.5784511000006     
  -2940.7134708200006     
  -2940.7028160900009     
  -2940.7323658600012     
  -2940.6600344900007     
  -2940.6257049200003     
  -2940.5446488400003     
  -2940.6404435600007     
  -2940.6487885500010     
  -2940.6795638800008     
  -2940.5626578600009     
  -2940.6141182500000     
  -2940.8033184299998     
  -2940.7999241799998     
  -2940.6077723300000     
  -2940.6605440599997     
  -2940.6048680200001     
  -2940.7412995199998     
  -2940.7512512899998     
  -2940.7087211699995     
  -2940.6841698499998     
  -2940.7608442100000     
  -2940.8002699199997     
  -2940.8859146199998     
  -2940.5755397199996     
  -2940.6970223099997     
  -2940.6712220099998     
  -2940.8388225399999     
  -2940.8867019800000     
  -2940.7045019000002     
  -2940.8391304099996     
  -2940.8453290799998     
  -2940.7458713199999     
  -2940.6276482699996     
  -2940.8037025300000     
  -2940.6509763899999     
  -2940.7427849399996     
  -2940.8051495899995     
  -2940.7023814700001     
  -2940.6780143900005     
  -2940.7223156300001     
  -2940.7758757500001     
  -2940.6150337400004     
  -2940.7223153200002     
  -2940.7288885100002     
  -2940.6543004700002     
  -2940.7014452100002     
  -2940.7602733400004     
  -2940.7653495800005     
  -2940.8451433000005     
  -2940.6710590900002     
  -2940.7572533000002     
  -2940.8192434300004     
  -2940.8323541400005     
  -2940.6486844400001     
  -2940.5740604900006     
  -2940.8111374200003     
  -2940.8424472600004     
  -2940.8961776800006     
  -2940.7483270700004     
  -2940.7270613000001     
  -2940.8767501800003     
  -2940.9029794500007     
  -2940.8070085000004     
  -2940.7518442700007     
  -2940.8138779400010     
  -2940.8116867600006     
  -2940.8297544000002     
  -2940.9097184200004     
  -2940.7226428100007     
  -2940.8363967600003     
  -2940.7552712000002     
  -2940.8691992200006     
  -2940.8286452100006     
  -2940.7451597300010     
  -2940.8084189600008     
  -2940.7587672400009     
  -2940.7825475500003     
  -2940.7795278200001     
  -2940.7520318600000     
  -2940.6999759700002     
  -2940.8115577600001     
  -2940.8654519199999     
  -2940.8719199600000     
  -2940.8102785800002     
  -2940.7084131500005     
  -2940.8012221500007     
  -2940.8620999100008     
  -2940.8026133900007     
  -2940.7916910800004     
  -2940.8440882900004     
  -2940.9042910800003     
  -2940.6214207500002     
  -2940.8680222600001     
  -2940.8826914200004     
  -2940.9153930600005     
  -2940.8405094800000     
  -2940.7754277000008     
  -2940.8079116000008     
  -2940.8455371500008     
  -2940.8928801500010     
  -2940.7420416400005     
  -2940.6332381400002     
  -2940.7733341000003     
  -2940.8466554500005     
  -2940.6514838700004     
  -2940.7906254000000     
  -2940.8315281600003     
  -2940.8381665000006     
  -2940.7895165200002     
  -2940.7080445200008     
  -2940.7172762100008     
  -2940.8077827200009     
  -2940.8318735100011     
  -2940.7915644800005     
  -2940.8278037000009     
  -2940.8220074700002     
  -2940.7312889899999     
  -2940.8923090900003     
  -2940.7525544500004     
  -2940.8706086100001     
  -2940.8982691699998     
  -2940.9311411100002     
  -2940.8432661300003     
  -2940.7279918700006     
  -2940.8440530800008     
  -2940.9113073800008     
  -2940.8750730700008     
  -2940.8643138100006     
  -2940.9017785900005     
  -2940.7238659300006     
  -2940.8772382699999     
  -2940.8679880400000     
  -2940.9601423299996     
  -2940.9655014900000     
  -2940.7857804900004     
  -2940.9704872400007     
  -2940.9537616400003     
  -2940.9355859300003     
  -2940.9746226400002     
  -2940.8318482700001     
  -2941.0104346200001     
  -2940.9764537999999     
  -2940.8804688200007     
  -2940.9370435100009     
  -2940.9201890300005     
  -2941.0304031400005     
  -2940.8592693599999     
  -2940.6671175100000     
  -2940.9046742599999     
  -2940.8021301199997     
  -2940.8030732500006     
  -2940.7343550400005     
  -2940.8169990100005     
  -2940.8535091200001     
  -2940.9182640200002     
  -2940.9022275699999     
  -2940.9611979699998     
  -2941.0476300300002     
  -2940.8119044400000     
  -2940.8330443100003     
  -2940.9325427600006     
  -2940.9324138800007     
  -2940.9997042300006     
  -2940.9326357199998     
  -2940.9422286399999     
  -2940.8858863300002     
  -2940.9850869600000     
  -2940.9014101700004     
  -2940.8756157200005     
  -2940.9320615300007     
  -2941.0114954000005     
  -2941.0288257900002     
  -2940.9747109899999     
  -2940.8415295400000     
  -2940.9372118300003     
  -2940.8936380900000     
  -2940.9407894000005     
  -2940.9715696400008     
  -2940.7867340100006     
  -2940.9227425700005     
  -2941.0347612900005     
  -2940.9004386800002     
  -2940.8127135300001     
  -2941.0144583000001     
  -2940.9673662200003     
  -2940.8744150000002     
  -2940.9401832900007     
  -2940.9831070500009     
  -2940.8548461100008     
  -2940.8655617700006     
  -2940.9001849200004     
  -2941.0459463500006     
  -2940.9906372500004     
