           3  substitutions in           24 sites
                  268  configurations
     1      4    1    2    3
     2      4    1    2    5
     3      4    1    2    7
     4      8    1    2    9
     5      8    1    2   11
     6      8    1    2   17
     7      8    1    2   19
     8      4    1    3    5
     9      4    1    3    6
    10      8    1    3    9
    11      8    1    3   10
    12      8    1    3   17
    13      8    1    3   18
    14      4    1    4    5
    15      4    1    4    6
    16      8    1    4    9
    17      8    1    4   10
    18      8    1    4   17
    19      8    1    4   18
    20      4    1    5    6
    21      4    1    5    7
    22      4    1    5    8
    23      8    1    5    9
    24      8    1    5   10
    25      8    1    5   11
    26      8    1    5   12
    27      8    1    5   17
    28      8    1    5   18
    29      8    1    5   19
    30      8    1    5   20
    31      4    1    6    7
    32      4    1    6    8
    33      8    1    6    9
    34      8    1    6   10
    35      8    1    6   11
    36      8    1    6   12
    37      8    1    6   17
    38      8    1    6   18
    39      8    1    6   19
    40      8    1    6   20
    41      4    1    7    8
    42      8    1    7    9
    43      8    1    7   10
    44      8    1    7   11
    45      8    1    7   12
    46      8    1    7   17
    47      8    1    7   18
    48      8    1    7   19
    49      8    1    7   20
    50      8    1    8    9
    51      8    1    8   10
    52      8    1    8   11
    53      8    1    8   12
    54      8    1    8   17
    55      8    1    8   18
    56      8    1    8   19
    57      8    1    8   20
    58      8    1    9   10
    59      8    1    9   11
    60      8    1    9   12
    61      8    1    9   13
    62      8    1    9   14
    63      4    1    9   15
    64      8    1    9   16
    65      8    1    9   17
    66      8    1    9   18
    67      8    1    9   19
    68      8    1    9   20
    69      8    1    9   21
    70      8    1    9   22
    71      8    1    9   23
    72      8    1    9   24
    73      8    1   10   11
    74      8    1   10   12
    75      8    1   10   13
    76      8    1   10   14
    77      4    1   10   16
    78      8    1   10   17
    79      8    1   10   18
    80      8    1   10   19
    81      8    1   10   20
    82      8    1   10   21
    83      8    1   10   22
    84      8    1   10   23
    85      8    1   10   24
    86      8    1   11   12
    87      4    1   11   13
    88      8    1   11   14
    89      8    1   11   17
    90      8    1   11   18
    91      8    1   11   19
    92      8    1   11   20
    93      8    1   11   21
    94      8    1   11   22
    95      8    1   11   23
    96      8    1   11   24
    97      4    1   12   14
    98      8    1   12   17
    99      8    1   12   18
   100      8    1   12   19
   101      8    1   12   20
   102      8    1   12   21
   103      8    1   12   22
   104      8    1   12   23
   105      8    1   12   24
   106      8    1   17   18
   107      8    1   17   19
   108      8    1   17   20
   109      8    1   17   21
   110      8    1   17   22
   111      4    1   17   23
   112      8    1   17   24
   113      8    1   18   19
   114      8    1   18   20
   115      8    1   18   21
   116      8    1   18   22
   117      4    1   18   24
   118      8    1   19   20
   119      4    1   19   21
   120      8    1   19   22
   121      4    1   20   22
   122      4    5    6    7
   123      8    5    6    9
   124      8    5    6   11
   125      8    5    6   17
   126      8    5    6   19
   127      8    5    7    9
   128      8    5    7   10
   129      8    5    7   17
   130      8    5    7   18
   131      8    5    8    9
   132      8    5    8   10
   133      8    5    8   17
   134      8    5    8   18
   135      8    5    9   10
   136      8    5    9   11
   137      8    5    9   12
   138      8    5    9   13
   139      8    5    9   14
   140      4    5    9   15
   141      8    5    9   16
   142      8    5    9   17
   143      8    5    9   18
   144      8    5    9   19
   145      8    5    9   20
   146      8    5    9   21
   147      8    5    9   22
   148      8    5    9   23
   149      8    5    9   24
   150      8    5   10   11
   151      8    5   10   12
   152      8    5   10   13
   153      8    5   10   14
   154      4    5   10   16
   155      8    5   10   17
   156      8    5   10   18
   157      8    5   10   19
   158      8    5   10   20
   159      8    5   10   21
   160      8    5   10   22
   161      8    5   10   23
   162      8    5   10   24
   163      8    5   11   12
   164      4    5   11   13
   165      8    5   11   14
   166      8    5   11   17
   167      8    5   11   18
   168      8    5   11   19
   169      8    5   11   20
   170      8    5   11   21
   171      8    5   11   22
   172      8    5   11   23
   173      8    5   11   24
   174      4    5   12   14
   175      8    5   12   17
   176      8    5   12   18
   177      8    5   12   19
   178      8    5   12   20
   179      8    5   12   21
   180      8    5   12   22
   181      8    5   12   23
   182      8    5   12   24
   183      8    5   17   18
   184      8    5   17   19
   185      8    5   17   20
   186      8    5   17   21
   187      8    5   17   22
   188      4    5   17   23
   189      8    5   17   24
   190      8    5   18   19
   191      8    5   18   20
   192      8    5   18   21
   193      8    5   18   22
   194      4    5   18   24
   195      8    5   19   20
   196      4    5   19   21
   197      8    5   19   22
   198      4    5   20   22
   199      8    9   10   11
   200      8    9   10   13
   201      8    9   10   15
   202      8    9   10   17
   203      8    9   10   19
   204      8    9   10   21
   205      8    9   10   23
   206      8    9   11   13
   207      8    9   11   14
   208      8    9   11   17
   209      8    9   11   18
   210      8    9   11   21
   211      8    9   11   22
   212      8    9   12   13
   213      8    9   12   14
   214      8    9   12   17
   215      8    9   12   18
   216      8    9   12   21
   217      8    9   12   22
   218      8    9   13   17
   219      8    9   13   18
   220      8    9   13   19
   221      8    9   13   20
   222      8    9   14   17
   223      8    9   14   18
   224      8    9   14   19
   225      8    9   14   20
   226      8    9   15   17
   227      8    9   15   18
   228      8    9   15   19
   229      8    9   15   20
   230      8    9   16   17
   231      8    9   16   18
   232      8    9   16   19
   233      8    9   16   20
   234      8    9   17   18
   235      8    9   17   19
   236      8    9   17   20
   237      8    9   17   21
   238      8    9   17   22
   239      8    9   17   23
   240      8    9   17   24
   241      8    9   18   19
   242      8    9   18   20
   243      8    9   18   21
   244      8    9   18   22
   245      8    9   18   23
   246      8    9   18   24
   247      8    9   19   20
   248      8    9   19   21
   249      8    9   19   22
   250      8    9   19   23
   251      8    9   19   24
   252      8    9   20   21
   253      8    9   20   22
   254      8    9   20   23
   255      8    9   20   24
   256      8    9   21   22
   257      8    9   21   23
   258      8    9   21   24
   259      8    9   22   23
   260      8    9   22   24
   261      8    9   23   24
   262      8   17   18   19
   263      8   17   18   21
   264      8   17   18   23
   265      8   17   19   21
   266      8   17   19   22
   267      8   17   20   21
   268      8   17   20   22
