           8  substitutions in           12 sites
                  139  configurations
     1      1    1    2    3    4    5    6    7    8
     2      4    1    2    3    4    5    6    7    9
     3      4    1    2    3    4    5    6    7   10
     4      4    1    2    3    4    5    6    7   11
     5      4    1    2    3    4    5    6    7   12
     6      2    1    2    3    4    5    6    9   10
     7      4    1    2    3    4    5    6    9   11
     8      4    1    2    3    4    5    6    9   12
     9      2    1    2    3    4    5    6   11   12
    10      2    1    2    3    4    5    7    9   10
    11      4    1    2    3    4    5    7    9   11
    12      4    1    2    3    4    5    7    9   12
    13      2    1    2    3    4    5    7   11   12
    14      2    1    2    3    4    5    8    9   10
    15      2    1    2    3    4    5    8    9   11
    16      2    1    2    3    4    5    8    9   12
    17      2    1    2    3    4    5    8   10   11
    18      2    1    2    3    4    5    8   10   12
    19      2    1    2    3    4    5    8   11   12
    20      4    1    2    3    4    5    9   10   11
    21      4    1    2    3    4    5    9   10   12
    22      4    1    2    3    4    5    9   11   12
    23      4    1    2    3    4    5   10   11   12
    24      1    1    2    3    4    9   10   11   12
    25      4    1    2    3    5    6    7    8    9
    26      4    1    2    3    5    6    7    8   10
    27      4    1    2    3    5    6    7    8   11
    28      4    1    2    3    5    6    7    8   12
    29      4    1    2    3    5    6    7    9   10
    30      4    1    2    3    5    6    7    9   11
    31      4    1    2    3    5    6    7    9   12
    32      4    1    2    3    5    6    7   10   11
    33      4    1    2    3    5    6    7   10   12
    34      4    1    2    3    5    6    7   11   12
    35      4    1    2    3    5    6    8    9   10
    36      4    1    2    3    5    6    8    9   11
    37      4    1    2    3    5    6    8    9   12
    38      4    1    2    3    5    6    8   10   11
    39      4    1    2    3    5    6    8   10   12
    40      4    1    2    3    5    6    8   11   12
    41      4    1    2    3    5    6    9   10   11
    42      4    1    2    3    5    6    9   10   12
    43      4    1    2    3    5    6    9   11   12
    44      4    1    2    3    5    6   10   11   12
    45      4    1    2    3    5    7    8    9   10
    46      4    1    2    3    5    7    8    9   11
    47      4    1    2    3    5    7    8    9   12
    48      4    1    2    3    5    7    8   10   11
    49      4    1    2    3    5    7    8   10   12
    50      4    1    2    3    5    7    8   11   12
    51      4    1    2    3    5    7    9   10   11
    52      4    1    2    3    5    7    9   10   12
    53      4    1    2    3    5    7    9   11   12
    54      4    1    2    3    5    7   10   11   12
    55      4    1    2    3    5    8    9   10   11
    56      4    1    2    3    5    8    9   10   12
    57      4    1    2    3    5    8    9   11   12
    58      4    1    2    3    5    8   10   11   12
    59      4    1    2    3    5    9   10   11   12
    60      4    1    2    3    6    7    8    9   10
    61      4    1    2    3    6    7    8    9   11
    62      4    1    2    3    6    7    8    9   12
    63      4    1    2    3    6    7    8   10   11
    64      4    1    2    3    6    7    8   10   12
    65      4    1    2    3    6    7    8   11   12
    66      4    1    2    3    6    7    9   10   11
    67      4    1    2    3    6    7    9   10   12
    68      4    1    2    3    6    7    9   11   12
    69      4    1    2    3    6    7   10   11   12
    70      4    1    2    3    6    8    9   10   11
    71      4    1    2    3    6    8    9   10   12
    72      4    1    2    3    6    8    9   11   12
    73      4    1    2    3    6    8   10   11   12
    74      4    1    2    3    6    9   10   11   12
    75      4    1    2    3    7    8    9   10   11
    76      4    1    2    3    7    8    9   10   12
    77      4    1    2    3    7    8    9   11   12
    78      4    1    2    3    7    8   10   11   12
    79      4    1    2    3    7    9   10   11   12
    80      4    1    2    3    8    9   10   11   12
    81      2    1    2    5    6    7    8    9   10
    82      4    1    2    5    6    7    8    9   11
    83      4    1    2    5    6    7    8    9   12
    84      2    1    2    5    6    7    8   11   12
    85      4    1    2    5    6    7    9   10   11
    86      4    1    2    5    6    7    9   10   12
    87      4    1    2    5    6    7    9   11   12
    88      4    1    2    5    6    7   10   11   12
    89      2    1    2    5    6    9   10   11   12
    90      4    1    2    5    7    8    9   10   11
    91      4    1    2    5    7    8    9   10   12
    92      4    1    2    5    7    8    9   11   12
    93      4    1    2    5    7    8   10   11   12
    94      4    1    2    5    7    9   10   11   12
    95      4    1    2    5    8    9   10   11   12
    96      2    1    2    7    8    9   10   11   12
    97      2    1    3    5    6    7    8    9   10
    98      4    1    3    5    6    7    8    9   11
    99      4    1    3    5    6    7    8    9   12
   100      2    1    3    5    6    7    8   11   12
   101      4    1    3    5    6    7    9   10   11
   102      4    1    3    5    6    7    9   10   12
   103      4    1    3    5    6    7    9   11   12
   104      4    1    3    5    6    7   10   11   12
   105      4    1    3    5    6    8    9   10   11
   106      4    1    3    5    6    8    9   10   12
   107      4    1    3    5    6    8    9   11   12
   108      4    1    3    5    6    8   10   11   12
   109      4    1    3    5    6    9   10   11   12
   110      2    1    3    5    7    9   10   11   12
   111      4    1    3    5    8    9   10   11   12
   112      2    1    3    6    8    9   10   11   12
   113      2    1    4    5    6    7    8    9   10
   114      2    1    4    5    6    7    8    9   11
   115      2    1    4    5    6    7    8    9   12
   116      2    1    4    5    6    7    8   10   11
   117      2    1    4    5    6    7    8   10   12
   118      2    1    4    5    6    7    8   11   12
   119      4    1    4    5    6    7    9   10   11
   120      4    1    4    5    6    7    9   10   12
   121      4    1    4    5    6    7    9   11   12
   122      4    1    4    5    6    7   10   11   12
   123      4    1    4    5    6    8    9   10   11
   124      4    1    4    5    6    8    9   10   12
   125      4    1    4    5    6    8    9   11   12
   126      4    1    4    5    6    8   10   11   12
   127      4    1    4    5    6    9   10   11   12
   128      4    1    4    5    7    9   10   11   12
   129      2    1    4    5    8    9   10   11   12
   130      2    1    4    6    7    9   10   11   12
   131      4    1    5    6    7    8    9   10   11
   132      4    1    5    6    7    8    9   10   12
   133      4    1    5    6    7    8    9   11   12
   134      4    1    5    6    7    8   10   11   12
   135      4    1    5    6    7    9   10   11   12
   136      4    1    5    6    8    9   10   11   12
   137      4    1    5    7    8    9   10   11   12
   138      4    1    6    7    8    9   10   11   12
   139      1    5    6    7    8    9   10   11   12
