           9  substitutions in           12 sites
                   60  configurations
     1      2    1    2    3    4    5    6    7    8    9
     2      2    1    2    3    4    5    6    7    8   11
     3      4    1    2    3    4    5    6    7    9   10
     4      4    1    2    3    4    5    6    7    9   11
     5      4    1    2    3    4    5    6    7    9   12
     6      4    1    2    3    4    5    6    7   10   11
     7      4    1    2    3    4    5    6    7   10   12
     8      4    1    2    3    4    5    6    7   11   12
     9      4    1    2    3    4    5    6    9   10   11
    10      4    1    2    3    4    5    6    9   11   12
    11      4    1    2    3    4    5    7    9   10   11
    12      4    1    2    3    4    5    7    9   11   12
    13      2    1    2    3    4    5    8    9   10   11
    14      2    1    2    3    4    5    8    9   10   12
    15      2    1    2    3    4    5    8    9   11   12
    16      2    1    2    3    4    5    8   10   11   12
    17      4    1    2    3    4    5    9   10   11   12
    18      4    1    2    3    5    6    7    8    9   10
    19      4    1    2    3    5    6    7    8    9   11
    20      4    1    2    3    5    6    7    8    9   12
    21      4    1    2    3    5    6    7    8   10   11
    22      4    1    2    3    5    6    7    8   10   12
    23      4    1    2    3    5    6    7    8   11   12
    24      4    1    2    3    5    6    7    9   10   11
    25      4    1    2    3    5    6    7    9   10   12
    26      4    1    2    3    5    6    7    9   11   12
    27      4    1    2    3    5    6    7   10   11   12
    28      4    1    2    3    5    6    8    9   10   11
    29      4    1    2    3    5    6    8    9   10   12
    30      4    1    2    3    5    6    8    9   11   12
    31      4    1    2    3    5    6    8   10   11   12
    32      4    1    2    3    5    6    9   10   11   12
    33      4    1    2    3    5    7    8    9   10   11
    34      4    1    2    3    5    7    8    9   10   12
    35      4    1    2    3    5    7    8    9   11   12
    36      4    1    2    3    5    7    8   10   11   12
    37      4    1    2    3    5    7    9   10   11   12
    38      4    1    2    3    5    8    9   10   11   12
    39      4    1    2    3    6    7    8    9   10   11
    40      4    1    2    3    6    7    8    9   10   12
    41      4    1    2    3    6    7    8    9   11   12
    42      4    1    2    3    6    7    8   10   11   12
    43      4    1    2    3    6    7    9   10   11   12
    44      4    1    2    3    6    8    9   10   11   12
    45      4    1    2    3    7    8    9   10   11   12
    46      4    1    2    5    6    7    8    9   10   11
    47      4    1    2    5    6    7    8    9   11   12
    48      4    1    2    5    6    7    9   10   11   12
    49      4    1    2    5    7    8    9   10   11   12
    50      4    1    3    5    6    7    8    9   10   11
    51      4    1    3    5    6    7    8    9   11   12
    52      4    1    3    5    6    7    9   10   11   12
    53      4    1    3    5    6    8    9   10   11   12
    54      2    1    4    5    6    7    8    9   10   11
    55      2    1    4    5    6    7    8    9   10   12
    56      2    1    4    5    6    7    8    9   11   12
    57      2    1    4    5    6    7    8   10   11   12
    58      4    1    4    5    6    7    9   10   11   12
    59      4    1    4    5    6    8    9   10   11   12
    60      4    1    5    6    7    8    9   10   11   12
