          21  substitutions in           24 sites
                  253  configurations
     1      8    1    2    3    4    5    6    7    8    9   10   11   12   13   14   15   16   17   18   19   20   21
     2      8    1    2    3    4    5    6    7    8    9   10   11   12   13   14   15   16   17   18   19   21   22
     3      8    1    2    3    4    5    6    7    8    9   10   11   12   13   14   15   16   17   18   19   21   23
     4      8    1    2    3    4    5    6    7    8    9   10   11   12   13   14   15   16   17   18   19   21   24
     5      8    1    2    3    4    5    6    7    8    9   10   11   12   13   14   15   16   17   18   19   22   23
     6      8    1    2    3    4    5    6    7    8    9   10   11   12   13   14   15   16   17   18   19   22   24
     7      8    1    2    3    4    5    6    7    8    9   10   11   12   13   14   15   16   17   18   19   23   24
     8      8    1    2    3    4    5    6    7    8    9   10   11   12   13   14   15   17   18   19   20   21   22
     9      8    1    2    3    4    5    6    7    8    9   10   11   12   13   14   15   17   18   19   20   21   23
    10      8    1    2    3    4    5    6    7    8    9   10   11   12   13   14   15   17   18   19   20   21   24
    11      8    1    2    3    4    5    6    7    8    9   10   11   12   13   14   15   17   18   19   20   22   23
    12      8    1    2    3    4    5    6    7    8    9   10   11   12   13   14   15   17   18   19   20   22   24
    13      8    1    2    3    4    5    6    7    8    9   10   11   12   13   14   15   17   18   19   20   23   24
    14      8    1    2    3    4    5    6    7    8    9   10   11   12   13   14   15   17   18   19   21   22   23
    15      8    1    2    3    4    5    6    7    8    9   10   11   12   13   14   15   17   18   19   21   22   24
    16      8    1    2    3    4    5    6    7    8    9   10   11   12   13   14   15   17   18   19   21   23   24
    17      8    1    2    3    4    5    6    7    8    9   10   11   12   13   14   15   17   18   19   22   23   24
    18      8    1    2    3    4    5    6    7    8    9   10   11   12   13   14   15   17   18   20   21   22   23
    19      8    1    2    3    4    5    6    7    8    9   10   11   12   13   14   15   17   18   20   21   22   24
    20      8    1    2    3    4    5    6    7    8    9   10   11   12   13   14   15   17   18   20   21   23   24
    21      8    1    2    3    4    5    6    7    8    9   10   11   12   13   14   15   17   18   20   22   23   24
    22      8    1    2    3    4    5    6    7    8    9   10   11   12   13   14   15   17   18   21   22   23   24
    23      8    1    2    3    4    5    6    7    8    9   10   11   12   13   14   15   17   19   20   21   22   23
    24      8    1    2    3    4    5    6    7    8    9   10   11   12   13   14   15   17   19   20   21   22   24
    25      8    1    2    3    4    5    6    7    8    9   10   11   12   13   14   15   17   19   20   21   23   24
    26      8    1    2    3    4    5    6    7    8    9   10   11   12   13   14   15   17   19   20   22   23   24
    27      8    1    2    3    4    5    6    7    8    9   10   11   12   13   14   15   17   19   21   22   23   24
    28      8    1    2    3    4    5    6    7    8    9   10   11   12   13   14   15   17   20   21   22   23   24
    29      8    1    2    3    4    5    6    7    8    9   10   11   12   13   14   15   18   19   20   21   22   23
    30      8    1    2    3    4    5    6    7    8    9   10   11   12   13   14   15   18   19   20   21   22   24
    31      8    1    2    3    4    5    6    7    8    9   10   11   12   13   14   15   18   19   20   21   23   24
    32      8    1    2    3    4    5    6    7    8    9   10   11   12   13   14   15   18   19   20   22   23   24
    33      8    1    2    3    4    5    6    7    8    9   10   11   12   13   14   15   18   19   21   22   23   24
    34      8    1    2    3    4    5    6    7    8    9   10   11   12   13   14   15   18   20   21   22   23   24
    35      8    1    2    3    4    5    6    7    8    9   10   11   12   13   14   15   19   20   21   22   23   24
    36      8    1    2    3    4    5    6    7    8    9   10   11   12   13   14   17   18   19   20   21   22   23
    37      8    1    2    3    4    5    6    7    8    9   10   11   12   13   14   17   18   19   20   21   23   24
    38      8    1    2    3    4    5    6    7    8    9   10   11   12   13   14   17   18   19   21   22   23   24
    39      8    1    2    3    4    5    6    7    8    9   10   11   12   13   14   17   19   20   21   22   23   24
    40      8    1    2    3    4    5    6    7    8    9   10   11   12   13   15   17   18   19   20   21   22   23
    41      8    1    2    3    4    5    6    7    8    9   10   11   12   13   15   17   18   19   20   21   22   24
    42      8    1    2    3    4    5    6    7    8    9   10   11   12   13   15   17   18   19   21   22   23   24
    43      8    1    2    3    4    5    6    7    8    9   10   11   12   13   15   17   18   20   21   22   23   24
    44      8    1    2    3    4    5    6    7    8    9   10   11   12   13   16   17   18   19   20   21   22   23
    45      8    1    2    3    4    5    6    7    8    9   10   11   12   13   16   17   18   19   20   21   22   24
    46      8    1    2    3    4    5    6    7    8    9   10   11   12   13   16   17   18   19   21   22   23   24
    47      8    1    2    3    4    5    6    7    8    9   10   11   12   13   16   17   18   20   21   22   23   24
    48      8    1    2    3    4    5    6    7    8    9   10   11   12   13   17   18   19   20   21   22   23   24
    49      8    1    2    3    4    5    6    7    8    9   10   11   13   14   15   17   18   19   20   21   22   23
    50      8    1    2    3    4    5    6    7    8    9   10   11   13   14   15   17   18   19   20   21   22   24
    51      8    1    2    3    4    5    6    7    8    9   10   11   13   14   15   17   18   19   20   21   23   24
    52      8    1    2    3    4    5    6    7    8    9   10   11   13   14   15   17   18   19   20   22   23   24
    53      8    1    2    3    4    5    6    7    8    9   10   11   13   14   16   17   18   19   20   21   22   23
    54      8    1    2    3    4    5    6    7    8    9   10   11   13   14   16   17   18   19   20   21   22   24
    55      8    1    2    3    4    5    6    7    8    9   10   11   13   14   16   17   18   19   20   21   23   24
    56      8    1    2    3    4    5    6    7    8    9   10   11   13   14   16   17   18   19   20   22   23   24
    57      8    1    2    3    4    5    6    7    8    9   10   11   13   14   17   18   19   20   21   22   23   24
    58      8    1    2    3    4    5    6    7    8    9   10   11   13   15   16   17   18   19   20   21   22   23
    59      8    1    2    3    4    5    6    7    8    9   10   11   13   15   16   17   18   19   20   21   22   24
    60      8    1    2    3    4    5    6    7    8    9   10   11   13   15   16   17   18   19   20   21   23   24
    61      8    1    2    3    4    5    6    7    8    9   10   11   13   15   16   17   18   19   20   22   23   24
    62      8    1    2    3    4    5    6    7    8    9   10   11   13   15   17   18   19   20   21   22   23   24
    63      8    1    2    3    4    5    6    7    8    9   10   11   13   16   17   18   19   20   21   22   23   24
    64      8    1    2    3    4    5    6    7    8    9   10   11   14   15   16   17   18   19   20   21   22   23
    65      8    1    2    3    4    5    6    7    8    9   10   11   14   15   16   17   18   19   20   21   22   24
    66      8    1    2    3    4    5    6    7    8    9   10   11   14   15   16   17   18   19   20   21   23   24
    67      8    1    2    3    4    5    6    7    8    9   10   11   14   15   16   17   18   19   20   22   23   24
    68      8    1    2    3    4    5    6    7    8    9   10   11   14   15   17   18   19   20   21   22   23   24
    69      8    1    2    3    4    5    6    7    8    9   10   11   14   16   17   18   19   20   21   22   23   24
    70      8    1    2    3    4    5    6    7    8    9   10   11   15   16   17   18   19   20   21   22   23   24
    71      8    1    2    3    4    5    6    7    9   10   11   12   13   14   15   16   17   18   19   20   21   22
    72      8    1    2    3    4    5    6    7    9   10   11   12   13   14   15   16   17   18   19   20   21   23
    73      8    1    2    3    4    5    6    7    9   10   11   12   13   14   15   16   17   18   19   20   21   24
    74      8    1    2    3    4    5    6    7    9   10   11   12   13   14   15   16   17   18   19   20   22   23
    75      8    1    2    3    4    5    6    7    9   10   11   12   13   14   15   16   17   18   19   20   22   24
    76      8    1    2    3    4    5    6    7    9   10   11   12   13   14   15   16   17   18   19   20   23   24
    77      8    1    2    3    4    5    6    7    9   10   11   12   13   14   15   16   17   18   19   21   22   23
    78      8    1    2    3    4    5    6    7    9   10   11   12   13   14   15   16   17   18   19   21   22   24
    79      8    1    2    3    4    5    6    7    9   10   11   12   13   14   15   16   17   18   19   21   23   24
    80      8    1    2    3    4    5    6    7    9   10   11   12   13   14   15   16   17   18   19   22   23   24
    81      8    1    2    3    4    5    6    7    9   10   11   12   13   14   15   16   17   18   20   21   22   23
    82      8    1    2    3    4    5    6    7    9   10   11   12   13   14   15   16   17   18   20   21   22   24
    83      8    1    2    3    4    5    6    7    9   10   11   12   13   14   15   16   17   18   20   21   23   24
    84      8    1    2    3    4    5    6    7    9   10   11   12   13   14   15   16   17   18   20   22   23   24
    85      8    1    2    3    4    5    6    7    9   10   11   12   13   14   15   16   17   18   21   22   23   24
    86      8    1    2    3    4    5    6    7    9   10   11   12   13   14   15   16   17   19   20   21   22   23
    87      8    1    2    3    4    5    6    7    9   10   11   12   13   14   15   16   17   19   20   21   22   24
    88      8    1    2    3    4    5    6    7    9   10   11   12   13   14   15   16   17   19   20   21   23   24
    89      8    1    2    3    4    5    6    7    9   10   11   12   13   14   15   16   17   19   20   22   23   24
    90      8    1    2    3    4    5    6    7    9   10   11   12   13   14   15   16   17   19   21   22   23   24
    91      8    1    2    3    4    5    6    7    9   10   11   12   13   14   15   16   17   20   21   22   23   24
    92      8    1    2    3    4    5    6    7    9   10   11   12   13   14   15   16   18   19   20   21   22   23
    93      8    1    2    3    4    5    6    7    9   10   11   12   13   14   15   16   18   19   20   21   22   24
    94      8    1    2    3    4    5    6    7    9   10   11   12   13   14   15   16   18   19   20   21   23   24
    95      8    1    2    3    4    5    6    7    9   10   11   12   13   14   15   16   18   19   20   22   23   24
    96      8    1    2    3    4    5    6    7    9   10   11   12   13   14   15   16   18   19   21   22   23   24
    97      8    1    2    3    4    5    6    7    9   10   11   12   13   14   15   16   18   20   21   22   23   24
    98      8    1    2    3    4    5    6    7    9   10   11   12   13   14   15   16   19   20   21   22   23   24
    99      8    1    2    3    4    5    6    7    9   10   11   12   13   14   15   17   18   19   20   21   22   23
   100      8    1    2    3    4    5    6    7    9   10   11   12   13   14   15   17   18   19   20   21   22   24
   101      8    1    2    3    4    5    6    7    9   10   11   12   13   14   15   17   18   19   20   21   23   24
   102      8    1    2    3    4    5    6    7    9   10   11   12   13   14   15   17   18   19   20   22   23   24
   103      8    1    2    3    4    5    6    7    9   10   11   12   13   14   15   17   18   19   21   22   23   24
   104      8    1    2    3    4    5    6    7    9   10   11   12   13   14   15   17   18   20   21   22   23   24
   105      8    1    2    3    4    5    6    7    9   10   11   12   13   14   15   17   19   20   21   22   23   24
   106      8    1    2    3    4    5    6    7    9   10   11   12   13   14   15   18   19   20   21   22   23   24
   107      8    1    2    3    4    5    6    7    9   10   11   12   13   14   16   17   18   19   20   21   22   23
   108      8    1    2    3    4    5    6    7    9   10   11   12   13   14   16   17   18   19   20   21   22   24
   109      8    1    2    3    4    5    6    7    9   10   11   12   13   14   16   17   18   19   20   21   23   24
   110      8    1    2    3    4    5    6    7    9   10   11   12   13   14   16   17   18   19   20   22   23   24
   111      8    1    2    3    4    5    6    7    9   10   11   12   13   14   16   17   18   19   21   22   23   24
   112      8    1    2    3    4    5    6    7    9   10   11   12   13   14   16   17   18   20   21   22   23   24
   113      8    1    2    3    4    5    6    7    9   10   11   12   13   14   16   17   19   20   21   22   23   24
   114      8    1    2    3    4    5    6    7    9   10   11   12   13   14   16   18   19   20   21   22   23   24
   115      8    1    2    3    4    5    6    7    9   10   11   12   13   14   17   18   19   20   21   22   23   24
   116      8    1    2    3    4    5    6    7    9   10   11   12   13   15   16   17   18   19   20   21   22   23
   117      8    1    2    3    4    5    6    7    9   10   11   12   13   15   16   17   18   19   20   21   22   24
   118      8    1    2    3    4    5    6    7    9   10   11   12   13   15   16   17   18   19   20   21   23   24
   119      8    1    2    3    4    5    6    7    9   10   11   12   13   15   16   17   18   19   20   22   23   24
   120      8    1    2    3    4    5    6    7    9   10   11   12   13   15   16   17   18   19   21   22   23   24
   121      8    1    2    3    4    5    6    7    9   10   11   12   13   15   16   17   18   20   21   22   23   24
   122      8    1    2    3    4    5    6    7    9   10   11   12   13   15   16   17   19   20   21   22   23   24
   123      8    1    2    3    4    5    6    7    9   10   11   12   13   15   16   18   19   20   21   22   23   24
   124      8    1    2    3    4    5    6    7    9   10   11   12   13   15   17   18   19   20   21   22   23   24
   125      8    1    2    3    4    5    6    7    9   10   11   12   13   16   17   18   19   20   21   22   23   24
   126      8    1    2    3    4    5    6    7    9   10   11   12   14   15   16   17   18   19   20   21   22   23
   127      8    1    2    3    4    5    6    7    9   10   11   12   14   15   16   17   18   19   20   21   22   24
   128      8    1    2    3    4    5    6    7    9   10   11   12   14   15   16   17   18   19   20   21   23   24
   129      8    1    2    3    4    5    6    7    9   10   11   12   14   15   16   17   18   19   20   22   23   24
   130      8    1    2    3    4    5    6    7    9   10   11   12   14   15   16   17   18   19   21   22   23   24
   131      8    1    2    3    4    5    6    7    9   10   11   12   14   15   16   17   18   20   21   22   23   24
   132      8    1    2    3    4    5    6    7    9   10   11   12   14   15   16   17   19   20   21   22   23   24
   133      8    1    2    3    4    5    6    7    9   10   11   12   14   15   16   18   19   20   21   22   23   24
   134      8    1    2    3    4    5    6    7    9   10   11   12   14   15   17   18   19   20   21   22   23   24
   135      8    1    2    3    4    5    6    7    9   10   11   12   14   16   17   18   19   20   21   22   23   24
   136      8    1    2    3    4    5    6    7    9   10   11   12   15   16   17   18   19   20   21   22   23   24
   137      8    1    2    3    4    5    6    7    9   10   11   13   14   15   16   17   18   19   20   21   22   23
   138      8    1    2    3    4    5    6    7    9   10   11   13   14   15   16   17   18   19   20   21   22   24
   139      8    1    2    3    4    5    6    7    9   10   11   13   14   15   16   17   18   19   20   21   23   24
   140      8    1    2    3    4    5    6    7    9   10   11   13   14   15   16   17   18   19   20   22   23   24
   141      8    1    2    3    4    5    6    7    9   10   11   13   14   15   16   17   18   19   21   22   23   24
   142      8    1    2    3    4    5    6    7    9   10   11   13   14   15   16   17   18   20   21   22   23   24
   143      8    1    2    3    4    5    6    7    9   10   11   13   14   15   16   17   19   20   21   22   23   24
   144      8    1    2    3    4    5    6    7    9   10   11   13   14   15   16   18   19   20   21   22   23   24
   145      8    1    2    3    4    5    6    7    9   10   11   13   14   15   17   18   19   20   21   22   23   24
   146      8    1    2    3    4    5    6    7    9   10   11   13   14   16   17   18   19   20   21   22   23   24
   147      8    1    2    3    4    5    6    7    9   10   11   13   15   16   17   18   19   20   21   22   23   24
   148      8    1    2    3    4    5    6    7    9   10   11   14   15   16   17   18   19   20   21   22   23   24
   149      8    1    2    3    4    5    6    7    9   10   12   13   14   15   16   17   18   19   20   21   22   23
   150      8    1    2    3    4    5    6    7    9   10   12   13   14   15   16   17   18   19   20   21   22   24
   151      8    1    2    3    4    5    6    7    9   10   12   13   14   15   16   17   18   19   20   21   23   24
   152      8    1    2    3    4    5    6    7    9   10   12   13   14   15   16   17   18   19   20   22   23   24
   153      8    1    2    3    4    5    6    7    9   10   12   13   14   15   16   17   18   19   21   22   23   24
   154      8    1    2    3    4    5    6    7    9   10   12   13   14   15   16   17   18   20   21   22   23   24
   155      8    1    2    3    4    5    6    7    9   10   12   13   14   15   16   17   19   20   21   22   23   24
   156      8    1    2    3    4    5    6    7    9   10   12   13   14   15   16   18   19   20   21   22   23   24
   157      8    1    2    3    4    5    6    7    9   10   12   13   14   15   17   18   19   20   21   22   23   24
   158      8    1    2    3    4    5    6    7    9   10   12   13   14   16   17   18   19   20   21   22   23   24
   159      8    1    2    3    4    5    6    7    9   10   12   13   15   16   17   18   19   20   21   22   23   24
   160      8    1    2    3    4    5    6    7    9   10   12   14   15   16   17   18   19   20   21   22   23   24
   161      8    1    2    3    4    5    6    7    9   10   13   14   15   16   17   18   19   20   21   22   23   24
   162      8    1    2    3    4    5    6    7    9   11   12   13   14   15   16   17   18   19   20   21   22   23
   163      8    1    2    3    4    5    6    7    9   11   12   13   14   15   16   17   18   19   20   21   22   24
   164      8    1    2    3    4    5    6    7    9   11   12   13   14   15   16   17   18   19   20   21   23   24
   165      8    1    2    3    4    5    6    7    9   11   12   13   14   15   16   17   18   19   20   22   23   24
   166      8    1    2    3    4    5    6    7    9   11   12   13   14   15   16   17   18   19   21   22   23   24
   167      8    1    2    3    4    5    6    7    9   11   12   13   14   15   16   17   18   20   21   22   23   24
   168      8    1    2    3    4    5    6    7    9   11   12   13   14   15   16   17   19   20   21   22   23   24
   169      8    1    2    3    4    5    6    7    9   11   12   13   14   15   16   18   19   20   21   22   23   24
   170      8    1    2    3    4    5    6    7    9   11   12   13   14   15   17   18   19   20   21   22   23   24
   171      8    1    2    3    4    5    6    7    9   11   12   13   14   16   17   18   19   20   21   22   23   24
   172      8    1    2    3    4    5    6    7    9   11   12   13   15   16   17   18   19   20   21   22   23   24
   173      8    1    2    3    4    5    6    7    9   11   12   14   15   16   17   18   19   20   21   22   23   24
   174      8    1    2    3    4    5    6    7    9   11   13   14   15   16   17   18   19   20   21   22   23   24
   175      8    1    2    3    4    5    6    7    9   12   13   14   15   16   17   18   19   20   21   22   23   24
   176      8    1    2    3    4    5    6    7   10   11   12   13   14   15   16   17   18   19   20   21   22   23
   177      8    1    2    3    4    5    6    7   10   11   12   13   14   15   16   17   18   19   20   21   22   24
   178      8    1    2    3    4    5    6    7   10   11   12   13   14   15   16   17   18   19   20   21   23   24
   179      8    1    2    3    4    5    6    7   10   11   12   13   14   15   16   17   18   19   20   22   23   24
   180      8    1    2    3    4    5    6    7   10   11   12   13   14   15   16   17   18   19   21   22   23   24
   181      8    1    2    3    4    5    6    7   10   11   12   13   14   15   16   17   18   20   21   22   23   24
   182      8    1    2    3    4    5    6    7   10   11   12   13   14   15   16   17   19   20   21   22   23   24
   183      8    1    2    3    4    5    6    7   10   11   12   13   14   15   16   18   19   20   21   22   23   24
   184      8    1    2    3    4    5    6    7   10   11   12   13   14   15   17   18   19   20   21   22   23   24
   185      8    1    2    3    4    5    6    7   10   11   12   13   14   16   17   18   19   20   21   22   23   24
   186      8    1    2    3    4    5    6    7   10   11   12   13   15   16   17   18   19   20   21   22   23   24
   187      8    1    2    3    4    5    6    7   10   11   12   14   15   16   17   18   19   20   21   22   23   24
   188      8    1    2    3    4    5    6    7   10   11   13   14   15   16   17   18   19   20   21   22   23   24
   189      8    1    2    3    4    5    6    7   10   12   13   14   15   16   17   18   19   20   21   22   23   24
   190      8    1    2    3    4    5    6    7   11   12   13   14   15   16   17   18   19   20   21   22   23   24
   191      8    1    2    3    4    5    6    9   10   11   12   13   14   15   16   17   18   19   20   21   22   23
   192      8    1    2    3    4    5    6    9   10   11   12   13   14   15   16   17   18   19   20   21   23   24
   193      8    1    2    3    4    5    6    9   10   11   12   13   14   15   16   17   18   19   21   22   23   24
   194      8    1    2    3    4    5    6    9   10   11   12   13   14   15   16   17   19   20   21   22   23   24
   195      8    1    2    3    4    5    6    9   10   11   12   13   14   15   17   18   19   20   21   22   23   24
   196      8    1    2    3    4    5    6    9   10   11   12   13   15   16   17   18   19   20   21   22   23   24
   197      8    1    2    3    4    5    6    9   10   11   13   14   15   16   17   18   19   20   21   22   23   24
   198      8    1    2    3    4    5    6    9   11   12   13   14   15   16   17   18   19   20   21   22   23   24
   199      8    1    2    3    4    5    7    9   10   11   12   13   14   15   16   17   18   19   20   21   22   23
   200      8    1    2    3    4    5    7    9   10   11   12   13   14   15   16   17   18   19   20   21   22   24
   201      8    1    2    3    4    5    7    9   10   11   12   13   14   15   16   17   18   19   21   22   23   24
   202      8    1    2    3    4    5    7    9   10   11   12   13   14   15   16   17   18   20   21   22   23   24
   203      8    1    2    3    4    5    7    9   10   11   12   13   14   15   17   18   19   20   21   22   23   24
   204      8    1    2    3    4    5    7    9   10   11   12   13   14   16   17   18   19   20   21   22   23   24
   205      8    1    2    3    4    5    7    9   10   11   13   14   15   16   17   18   19   20   21   22   23   24
   206      8    1    2    3    4    5    7    9   10   12   13   14   15   16   17   18   19   20   21   22   23   24
   207      8    1    2    3    4    5    8    9   10   11   12   13   14   15   16   17   18   19   20   21   22   23
   208      8    1    2    3    4    5    8    9   10   11   12   13   14   15   16   17   18   19   20   21   22   24
   209      8    1    2    3    4    5    8    9   10   11   12   13   14   15   16   17   18   19   21   22   23   24
   210      8    1    2    3    4    5    8    9   10   11   12   13   14   15   16   17   18   20   21   22   23   24
   211      8    1    2    3    4    5    8    9   10   11   12   13   14   15   17   18   19   20   21   22   23   24
   212      8    1    2    3    4    5    8    9   10   11   12   13   14   16   17   18   19   20   21   22   23   24
   213      8    1    2    3    4    5    8    9   10   11   13   14   15   16   17   18   19   20   21   22   23   24
   214      8    1    2    3    4    5    8    9   10   12   13   14   15   16   17   18   19   20   21   22   23   24
   215      8    1    2    3    4    5    9   10   11   12   13   14   15   16   17   18   19   20   21   22   23   24
   216      8    1    2    3    5    6    7    9   10   11   12   13   14   15   16   17   18   19   20   21   22   23
   217      8    1    2    3    5    6    7    9   10   11   12   13   14   15   16   17   18   19   20   21   22   24
   218      8    1    2    3    5    6    7    9   10   11   12   13   14   15   16   17   18   19   20   21   23   24
   219      8    1    2    3    5    6    7    9   10   11   12   13   14   15   16   17   18   19   20   22   23   24
   220      8    1    2    3    5    6    7    9   10   11   12   13   14   15   17   18   19   20   21   22   23   24
   221      8    1    2    3    5    6    7    9   10   11   12   13   14   16   17   18   19   20   21   22   23   24
   222      8    1    2    3    5    6    7    9   10   11   12   13   15   16   17   18   19   20   21   22   23   24
   223      8    1    2    3    5    6    7    9   10   11   12   14   15   16   17   18   19   20   21   22   23   24
   224      8    1    2    3    5    6    8    9   10   11   12   13   14   15   16   17   18   19   20   21   22   23
   225      8    1    2    3    5    6    8    9   10   11   12   13   14   15   16   17   18   19   20   21   22   24
   226      8    1    2    3    5    6    8    9   10   11   12   13   14   15   16   17   18   19   20   21   23   24
   227      8    1    2    3    5    6    8    9   10   11   12   13   14   15   16   17   18   19   20   22   23   24
   228      8    1    2    3    5    6    8    9   10   11   12   13   14   15   17   18   19   20   21   22   23   24
   229      8    1    2    3    5    6    8    9   10   11   12   13   14   16   17   18   19   20   21   22   23   24
   230      8    1    2    3    5    6    8    9   10   11   12   13   15   16   17   18   19   20   21   22   23   24
   231      8    1    2    3    5    6    8    9   10   11   12   14   15   16   17   18   19   20   21   22   23   24
   232      8    1    2    3    5    6    9   10   11   12   13   14   15   16   17   18   19   20   21   22   23   24
   233      8    1    2    3    5    7    8    9   10   11   12   13   14   15   16   17   18   19   20   21   22   23
   234      8    1    2    3    5    7    8    9   10   11   12   13   14   15   16   17   18   19   20   21   22   24
   235      8    1    2    3    5    7    8    9   10   11   12   13   14   15   16   17   18   19   20   21   23   24
   236      8    1    2    3    5    7    8    9   10   11   12   13   14   15   16   17   18   19   20   22   23   24
   237      8    1    2    3    5    7    8    9   10   11   12   13   14   15   17   18   19   20   21   22   23   24
   238      8    1    2    3    5    7    8    9   10   11   12   13   14   16   17   18   19   20   21   22   23   24
   239      8    1    2    3    5    7    8    9   10   11   12   13   15   16   17   18   19   20   21   22   23   24
   240      8    1    2    3    5    7    8    9   10   11   12   14   15   16   17   18   19   20   21   22   23   24
   241      8    1    2    3    5    7    9   10   11   12   13   14   15   16   17   18   19   20   21   22   23   24
   242      8    1    2    3    5    8    9   10   11   12   13   14   15   16   17   18   19   20   21   22   23   24
   243      8    1    2    3    6    7    8    9   10   11   12   13   14   15   16   17   18   19   20   21   22   23
   244      8    1    2    3    6    7    8    9   10   11   12   13   14   15   16   17   18   19   20   21   22   24
   245      8    1    2    3    6    7    8    9   10   11   12   13   14   15   16   17   18   19   20   21   23   24
   246      8    1    2    3    6    7    8    9   10   11   12   13   14   15   16   17   18   19   20   22   23   24
   247      8    1    2    3    6    7    8    9   10   11   12   13   14   15   17   18   19   20   21   22   23   24
   248      8    1    2    3    6    7    8    9   10   11   12   13   14   16   17   18   19   20   21   22   23   24
   249      8    1    2    3    6    7    8    9   10   11   12   13   15   16   17   18   19   20   21   22   23   24
   250      8    1    2    3    6    7    8    9   10   11   12   14   15   16   17   18   19   20   21   22   23   24
   251      8    1    2    3    6    7    9   10   11   12   13   14   15   16   17   18   19   20   21   22   23   24
   252      8    1    2    3    6    8    9   10   11   12   13   14   15   16   17   18   19   20   21   22   23   24
   253      8    1    2    3    7    8    9   10   11   12   13   14   15   16   17   18   19   20   21   22   23   24
