           2  substitutions in           12 sites
                   22  configurations
     1      2    1    2
     2      2    1    3
     3      2    1    4
     4      4    1    5
     5      4    1    6
     6      4    1    7
     7      4    1    8
     8      4    1    9
     9      4    1   10
    10      4    1   11
    11      4    1   12
    12      2    5    6
    13      2    5    7
    14      2    5    8
    15      4    5    9
    16      4    5   10
    17      4    5   11
    18      4    5   12
    19      1    9   10
    20      2    9   11
    21      2    9   12
    22      1   11   12
