 Configuration with minimum energy:           25
 Configuration with maximum energy:            6

Temperature=      1.0000
         m  omega(m)   Erel(m)/eV       p(m)      p(m)/omega(m)
         1         4  0.254911E+00      0.0000      0.0000
         2         4  0.132473E+00      0.0000      0.0000
         3         4  0.160556E+00      0.0000      0.0000
         4         4  0.139697E+00      0.0000      0.0000
         5         4  0.154434E+00      0.0000      0.0000
         6         4  0.263726E+00      0.0000      0.0000
         7         4  0.120814E+00      0.0000      0.0000
         8         8  0.101528E+00      0.0000      0.0000
         9         8  0.819158E-01      0.0000      0.0000
        10         8  0.951177E-01      0.0000      0.0000
        11         8  0.884966E-01      0.0000      0.0000
        12         8  0.938829E-01      0.0000      0.0000
        13         8  0.121591E+00      0.0000      0.0000
        14         8  0.215849E+00      0.0000      0.0000
        15         8  0.100442E+00      0.0000      0.0000
        16         4  0.203330E+00      0.0000      0.0000
        17         4  0.896126E-01      0.0000      0.0000
        18         4  0.902253E-01      0.0000      0.0000
        19         4  0.103219E+00      0.0000      0.0000
        20         4  0.730565E-01      0.0000      0.0000
        21         4  0.762447E-01      0.0000      0.0000
        22         4  0.129659E+00      0.0000      0.0000
        23         8  0.914508E-01      0.0000      0.0000
        24         8  0.667621E-01      0.0000      0.0000
        25         8  0.000000E+00      0.9999      0.1250
        26         8  0.167463E+00      0.0000      0.0000
        27         8  0.547952E-01      0.0000      0.0000
        28         8  0.205136E-01      0.0000      0.0000
        29         8  0.843590E-03      0.0001      0.0000
        30         8  0.691061E-01      0.0000      0.0000
        31         8  0.156068E+00      0.0000      0.0000
        32         8  0.934215E-01      0.0000      0.0000
        33         8  0.293555E-01      0.0000      0.0000
        34         8  0.354273E-01      0.0000      0.0000
        35         8  0.591802E-01      0.0000      0.0000
        36         8  0.223282E-01      0.0000      0.0000
        37         8  0.865231E-01      0.0000      0.0000
        38         8  0.131610E-01      0.0000      0.0000
        39         4  0.465982E-01      0.0000      0.0000
        40         4  0.159759E-01      0.0000      0.0000
        41         4  0.156018E+00      0.0000      0.0000
        42         4  0.335758E-01      0.0000      0.0000
        43         4  0.278564E-01      0.0000      0.0000
        44         4  0.525432E-01      0.0000      0.0000
        45         4  0.470775E-01      0.0000      0.0000


Temperature=    300.0000
         m  omega(m)   Erel(m)/eV       p(m)      p(m)/omega(m)
         1         4  0.254911E+00      0.0000      0.0000
         2         4  0.132473E+00      0.0005      0.0001
         3         4  0.160556E+00      0.0002      0.0000
         4         4  0.139697E+00      0.0004      0.0001
         5         4  0.154434E+00      0.0002      0.0001
         6         4  0.263726E+00      0.0000      0.0000
         7         4  0.120814E+00      0.0008      0.0002
         8         8  0.101528E+00      0.0035      0.0004
         9         8  0.819158E-01      0.0075      0.0009
        10         8  0.951177E-01      0.0045      0.0006
        11         8  0.884966E-01      0.0059      0.0007
        12         8  0.938829E-01      0.0048      0.0006
        13         8  0.121591E+00      0.0016      0.0002
        14         8  0.215849E+00      0.0000      0.0000
        15         8  0.100442E+00      0.0037      0.0005
        16         4  0.203330E+00      0.0000      0.0000
        17         4  0.896126E-01      0.0028      0.0007
        18         4  0.902253E-01      0.0027      0.0007
        19         4  0.103219E+00      0.0017      0.0004
        20         4  0.730565E-01      0.0053      0.0013
        21         4  0.762447E-01      0.0047      0.0012
        22         4  0.129659E+00      0.0006      0.0001
        23         8  0.914508E-01      0.0052      0.0007
        24         8  0.667621E-01      0.0136      0.0017
        25         8  0.000000E+00      0.1794      0.0224
        26         8  0.167463E+00      0.0003      0.0000
        27         8  0.547952E-01      0.0215      0.0027
        28         8  0.205136E-01      0.0812      0.0101
        29         8  0.843590E-03      0.1737      0.0217
        30         8  0.691061E-01      0.0124      0.0015
        31         8  0.156068E+00      0.0004      0.0001
        32         8  0.934215E-01      0.0048      0.0006
        33         8  0.293555E-01      0.0576      0.0072
        34         8  0.354273E-01      0.0456      0.0057
        35         8  0.591802E-01      0.0182      0.0023
        36         8  0.223282E-01      0.0756      0.0095
        37         8  0.865231E-01      0.0063      0.0008
        38         8  0.131610E-01      0.1078      0.0135
        39         4  0.465982E-01      0.0148      0.0037
        40         4  0.159759E-01      0.0484      0.0121
        41         4  0.156018E+00      0.0002      0.0001
        42         4  0.335758E-01      0.0245      0.0061
        43         4  0.278564E-01      0.0305      0.0076
        44         4  0.525432E-01      0.0118      0.0029
        45         4  0.470775E-01      0.0145      0.0036


Temperature=   1000.0000
         m  omega(m)   Erel(m)/eV       p(m)      p(m)/omega(m)
         1         4  0.254911E+00      0.0017      0.0004
         2         4  0.132473E+00      0.0071      0.0018
         3         4  0.160556E+00      0.0051      0.0013
         4         4  0.139697E+00      0.0065      0.0016
         5         4  0.154434E+00      0.0055      0.0014
         6         4  0.263726E+00      0.0016      0.0004
         7         4  0.120814E+00      0.0081      0.0020
         8         8  0.101528E+00      0.0204      0.0025
         9         8  0.819158E-01      0.0256      0.0032
        10         8  0.951177E-01      0.0219      0.0027
        11         8  0.884966E-01      0.0237      0.0030
        12         8  0.938829E-01      0.0223      0.0028
        13         8  0.121591E+00      0.0161      0.0020
        14         8  0.215849E+00      0.0054      0.0007
        15         8  0.100442E+00      0.0206      0.0026
        16         4  0.203330E+00      0.0031      0.0008
        17         4  0.896126E-01      0.0117      0.0029
        18         4  0.902253E-01      0.0116      0.0029
        19         4  0.103219E+00      0.0100      0.0025
        20         4  0.730565E-01      0.0142      0.0035
        21         4  0.762447E-01      0.0137      0.0034
        22         4  0.129659E+00      0.0073      0.0018
        23         8  0.914508E-01      0.0229      0.0029
        24         8  0.667621E-01      0.0305      0.0038
        25         8  0.000000E+00      0.0662      0.0083
        26         8  0.167463E+00      0.0095      0.0012
        27         8  0.547952E-01      0.0350      0.0044
        28         8  0.205136E-01      0.0522      0.0065
        29         8  0.843590E-03      0.0655      0.0082
        30         8  0.691061E-01      0.0297      0.0037
        31         8  0.156068E+00      0.0108      0.0014
        32         8  0.934215E-01      0.0224      0.0028
        33         8  0.293555E-01      0.0471      0.0059
        34         8  0.354273E-01      0.0439      0.0055
        35         8  0.591802E-01      0.0333      0.0042
        36         8  0.223282E-01      0.0511      0.0064
        37         8  0.865231E-01      0.0242      0.0030
        38         8  0.131610E-01      0.0568      0.0071
        39         4  0.465982E-01      0.0193      0.0048
        40         4  0.159759E-01      0.0275      0.0069
        41         4  0.156018E+00      0.0054      0.0014
        42         4  0.335758E-01      0.0224      0.0056
        43         4  0.278564E-01      0.0239      0.0060
        44         4  0.525432E-01      0.0180      0.0045
        45         4  0.470775E-01      0.0192      0.0048


 Infinite Temperature Limit
         m  omega(m)   Erel(m)/eV       p(m)      p(m)/omega(m)
         1         4  0.254911E+00      0.0145      0.0036
         2         4  0.132473E+00      0.0145      0.0036
         3         4  0.160556E+00      0.0145      0.0036
         4         4  0.139697E+00      0.0145      0.0036
         5         4  0.154434E+00      0.0145      0.0036
         6         4  0.263726E+00      0.0145      0.0036
         7         4  0.120814E+00      0.0145      0.0036
         8         8  0.101528E+00      0.0290      0.0036
         9         8  0.819158E-01      0.0290      0.0036
        10         8  0.951177E-01      0.0290      0.0036
        11         8  0.884966E-01      0.0290      0.0036
        12         8  0.938829E-01      0.0290      0.0036
        13         8  0.121591E+00      0.0290      0.0036
        14         8  0.215849E+00      0.0290      0.0036
        15         8  0.100442E+00      0.0290      0.0036
        16         4  0.203330E+00      0.0145      0.0036
        17         4  0.896126E-01      0.0145      0.0036
        18         4  0.902253E-01      0.0145      0.0036
        19         4  0.103219E+00      0.0145      0.0036
        20         4  0.730565E-01      0.0145      0.0036
        21         4  0.762447E-01      0.0145      0.0036
        22         4  0.129659E+00      0.0145      0.0036
        23         8  0.914508E-01      0.0290      0.0036
        24         8  0.667621E-01      0.0290      0.0036
        25         8  0.000000E+00      0.0290      0.0036
        26         8  0.167463E+00      0.0290      0.0036
        27         8  0.547952E-01      0.0290      0.0036
        28         8  0.205136E-01      0.0290      0.0036
        29         8  0.843590E-03      0.0290      0.0036
        30         8  0.691061E-01      0.0290      0.0036
        31         8  0.156068E+00      0.0290      0.0036
        32         8  0.934215E-01      0.0290      0.0036
        33         8  0.293555E-01      0.0290      0.0036
        34         8  0.354273E-01      0.0290      0.0036
        35         8  0.591802E-01      0.0290      0.0036
        36         8  0.223282E-01      0.0290      0.0036
        37         8  0.865231E-01      0.0290      0.0036
        38         8  0.131610E-01      0.0290      0.0036
        39         4  0.465982E-01      0.0145      0.0036
        40         4  0.159759E-01      0.0145      0.0036
        41         4  0.156018E+00      0.0145      0.0036
        42         4  0.335758E-01      0.0145      0.0036
        43         4  0.278564E-01      0.0145      0.0036
        44         4  0.525432E-01      0.0145      0.0036
        45         4  0.470775E-01      0.0145      0.0036
