           4  substitutions in           12 sites
                  139  configurations
     1      1    1    2    3    4
     2      4    1    2    3    5
     3      4    1    2    3    6
     4      4    1    2    3    7
     5      4    1    2    3    8
     6      4    1    2    3    9
     7      4    1    2    3   10
     8      4    1    2    3   11
     9      4    1    2    3   12
    10      2    1    2    5    6
    11      4    1    2    5    7
    12      4    1    2    5    8
    13      4    1    2    5    9
    14      4    1    2    5   10
    15      4    1    2    5   11
    16      4    1    2    5   12
    17      2    1    2    7    8
    18      4    1    2    7    9
    19      4    1    2    7   10
    20      4    1    2    7   11
    21      4    1    2    7   12
    22      2    1    2    9   10
    23      4    1    2    9   11
    24      4    1    2    9   12
    25      2    1    2   11   12
    26      4    1    3    5    6
    27      2    1    3    5    7
    28      4    1    3    5    8
    29      4    1    3    5    9
    30      4    1    3    5   10
    31      4    1    3    5   11
    32      4    1    3    5   12
    33      2    1    3    6    8
    34      4    1    3    6    9
    35      4    1    3    6   10
    36      4    1    3    6   11
    37      4    1    3    6   12
    38      2    1    3    9   10
    39      4    1    3    9   11
    40      4    1    3    9   12
    41      2    1    3   11   12
    42      4    1    4    5    6
    43      4    1    4    5    7
    44      2    1    4    5    8
    45      4    1    4    5    9
    46      4    1    4    5   10
    47      4    1    4    5   11
    48      4    1    4    5   12
    49      2    1    4    6    7
    50      4    1    4    6    9
    51      4    1    4    6   10
    52      4    1    4    6   11
    53      4    1    4    6   12
    54      2    1    4    9   10
    55      2    1    4    9   11
    56      2    1    4    9   12
    57      2    1    4   10   11
    58      2    1    4   10   12
    59      2    1    4   11   12
    60      4    1    5    6    7
    61      4    1    5    6    8
    62      4    1    5    6    9
    63      4    1    5    6   10
    64      4    1    5    6   11
    65      4    1    5    6   12
    66      4    1    5    7    8
    67      4    1    5    7    9
    68      4    1    5    7   10
    69      4    1    5    7   11
    70      4    1    5    7   12
    71      4    1    5    8    9
    72      4    1    5    8   10
    73      4    1    5    8   11
    74      4    1    5    8   12
    75      4    1    5    9   10
    76      4    1    5    9   11
    77      4    1    5    9   12
    78      4    1    5   10   11
    79      4    1    5   10   12
    80      4    1    5   11   12
    81      4    1    6    7    8
    82      4    1    6    7    9
    83      4    1    6    7   10
    84      4    1    6    7   11
    85      4    1    6    7   12
    86      4    1    6    8    9
    87      4    1    6    8   10
    88      4    1    6    8   11
    89      4    1    6    8   12
    90      4    1    6    9   10
    91      4    1    6    9   11
    92      4    1    6    9   12
    93      4    1    6   10   11
    94      4    1    6   10   12
    95      4    1    6   11   12
    96      4    1    7    8    9
    97      4    1    7    8   10
    98      4    1    7    8   11
    99      4    1    7    8   12
   100      4    1    7    9   10
   101      4    1    7    9   11
   102      4    1    7    9   12
   103      4    1    7   10   11
   104      4    1    7   10   12
   105      4    1    7   11   12
   106      4    1    8    9   10
   107      4    1    8    9   11
   108      4    1    8    9   12
   109      4    1    8   10   11
   110      4    1    8   10   12
   111      4    1    8   11   12
   112      4    1    9   10   11
   113      4    1    9   10   12
   114      4    1    9   11   12
   115      4    1   10   11   12
   116      1    5    6    7    8
   117      4    5    6    7    9
   118      4    5    6    7   10
   119      4    5    6    7   11
   120      4    5    6    7   12
   121      2    5    6    9   10
   122      4    5    6    9   11
   123      4    5    6    9   12
   124      2    5    6   11   12
   125      2    5    7    9   10
   126      4    5    7    9   11
   127      4    5    7    9   12
   128      2    5    7   11   12
   129      2    5    8    9   10
   130      2    5    8    9   11
   131      2    5    8    9   12
   132      2    5    8   10   11
   133      2    5    8   10   12
   134      2    5    8   11   12
   135      4    5    9   10   11
   136      4    5    9   10   12
   137      4    5    9   11   12
   138      4    5   10   11   12
   139      1    9   10   11   12
