           3  substitutions in           24 sites
                  253  configurations
     1      8    1    2    3
     2      8    1    2    5
     3      8    1    2    7
     4      8    1    2    9
     5      8    1    2   11
     6      8    1    2   13
     7      8    1    2   15
     8      8    1    2   17
     9      8    1    2   19
    10      8    1    2   21
    11      8    1    2   23
    12      8    1    3    5
    13      8    1    3    6
    14      8    1    3    9
    15      8    1    3   10
    16      8    1    3   13
    17      8    1    3   14
    18      8    1    3   17
    19      8    1    3   18
    20      8    1    3   21
    21      8    1    3   22
    22      8    1    4    5
    23      8    1    4    6
    24      8    1    4    9
    25      8    1    4   10
    26      8    1    4   13
    27      8    1    4   14
    28      8    1    4   17
    29      8    1    4   18
    30      8    1    4   21
    31      8    1    4   22
    32      8    1    5    9
    33      8    1    5   10
    34      8    1    5   11
    35      8    1    5   12
    36      8    1    5   17
    37      8    1    5   18
    38      8    1    5   19
    39      8    1    5   20
    40      8    1    6    9
    41      8    1    6   10
    42      8    1    6   11
    43      8    1    6   12
    44      8    1    6   17
    45      8    1    6   18
    46      8    1    6   19
    47      8    1    6   20
    48      8    1    7    9
    49      8    1    7   10
    50      8    1    7   11
    51      8    1    7   12
    52      8    1    7   17
    53      8    1    7   18
    54      8    1    7   19
    55      8    1    7   20
    56      8    1    8    9
    57      8    1    8   10
    58      8    1    8   11
    59      8    1    8   12
    60      8    1    8   17
    61      8    1    8   18
    62      8    1    8   19
    63      8    1    8   20
    64      8    1    9   10
    65      8    1    9   11
    66      8    1    9   12
    67      8    1    9   13
    68      8    1    9   14
    69      8    1    9   15
    70      8    1    9   16
    71      8    1    9   17
    72      8    1    9   18
    73      8    1    9   19
    74      8    1    9   20
    75      8    1    9   21
    76      8    1    9   22
    77      8    1    9   23
    78      8    1    9   24
    79      8    1   10   11
    80      8    1   10   12
    81      8    1   10   13
    82      8    1   10   14
    83      8    1   10   15
    84      8    1   10   16
    85      8    1   10   17
    86      8    1   10   18
    87      8    1   10   19
    88      8    1   10   20
    89      8    1   10   21
    90      8    1   10   22
    91      8    1   10   23
    92      8    1   10   24
    93      8    1   11   12
    94      8    1   11   13
    95      8    1   11   14
    96      8    1   11   15
    97      8    1   11   16
    98      8    1   11   17
    99      8    1   11   18
   100      8    1   11   19
   101      8    1   11   20
   102      8    1   11   21
   103      8    1   11   22
   104      8    1   11   23
   105      8    1   11   24
   106      8    1   12   13
   107      8    1   12   14
   108      8    1   12   15
   109      8    1   12   16
   110      8    1   12   17
   111      8    1   12   18
   112      8    1   12   19
   113      8    1   12   20
   114      8    1   12   21
   115      8    1   12   22
   116      8    1   12   23
   117      8    1   12   24
   118      8    1   13   14
   119      8    1   13   15
   120      8    1   13   16
   121      8    1   13   17
   122      8    1   13   18
   123      8    1   13   19
   124      8    1   13   20
   125      8    1   13   21
   126      8    1   13   22
   127      8    1   13   23
   128      8    1   13   24
   129      8    1   14   15
   130      8    1   14   16
   131      8    1   14   17
   132      8    1   14   18
   133      8    1   14   19
   134      8    1   14   20
   135      8    1   14   21
   136      8    1   14   22
   137      8    1   14   23
   138      8    1   14   24
   139      8    1   15   16
   140      8    1   15   17
   141      8    1   15   18
   142      8    1   15   19
   143      8    1   15   20
   144      8    1   15   21
   145      8    1   15   22
   146      8    1   15   23
   147      8    1   15   24
   148      8    1   16   17
   149      8    1   16   18
   150      8    1   16   19
   151      8    1   16   20
   152      8    1   16   21
   153      8    1   16   22
   154      8    1   16   23
   155      8    1   16   24
   156      8    1   17   18
   157      8    1   17   19
   158      8    1   17   20
   159      8    1   17   21
   160      8    1   17   22
   161      8    1   17   23
   162      8    1   17   24
   163      8    1   18   19
   164      8    1   18   20
   165      8    1   18   21
   166      8    1   18   22
   167      8    1   18   23
   168      8    1   18   24
   169      8    1   19   20
   170      8    1   19   21
   171      8    1   19   22
   172      8    1   19   23
   173      8    1   19   24
   174      8    1   20   21
   175      8    1   20   22
   176      8    1   20   23
   177      8    1   20   24
   178      8    1   21   22
   179      8    1   21   23
   180      8    1   21   24
   181      8    1   22   23
   182      8    1   22   24
   183      8    1   23   24
   184      8    9   10   11
   185      8    9   10   13
   186      8    9   10   15
   187      8    9   10   17
   188      8    9   10   19
   189      8    9   10   21
   190      8    9   10   23
   191      8    9   11   13
   192      8    9   11   14
   193      8    9   11   17
   194      8    9   11   18
   195      8    9   11   21
   196      8    9   11   22
   197      8    9   12   13
   198      8    9   12   14
   199      8    9   12   17
   200      8    9   12   18
   201      8    9   12   21
   202      8    9   12   22
   203      8    9   13   17
   204      8    9   13   18
   205      8    9   13   19
   206      8    9   13   20
   207      8    9   14   17
   208      8    9   14   18
   209      8    9   14   19
   210      8    9   14   20
   211      8    9   15   17
   212      8    9   15   18
   213      8    9   15   19
   214      8    9   15   20
   215      8    9   16   17
   216      8    9   16   18
   217      8    9   16   19
   218      8    9   16   20
   219      8    9   17   18
   220      8    9   17   19
   221      8    9   17   20
   222      8    9   17   21
   223      8    9   17   22
   224      8    9   17   23
   225      8    9   17   24
   226      8    9   18   19
   227      8    9   18   20
   228      8    9   18   21
   229      8    9   18   22
   230      8    9   18   23
   231      8    9   18   24
   232      8    9   19   20
   233      8    9   19   21
   234      8    9   19   22
   235      8    9   19   23
   236      8    9   19   24
   237      8    9   20   21
   238      8    9   20   22
   239      8    9   20   23
   240      8    9   20   24
   241      8    9   21   22
   242      8    9   21   23
   243      8    9   21   24
   244      8    9   22   23
   245      8    9   22   24
   246      8    9   23   24
   247      8   17   18   19
   248      8   17   18   21
   249      8   17   18   23
   250      8   17   19   21
   251      8   17   19   22
   252      8   17   20   21
   253      8   17   20   22
