           2  substitutions in           96 sites
                  612  configurations
     1      4    1    2
     2      4    1    3
     3      4    1    4
     4      4    1    5
     5      4    1    6
     6      4    1    7
     7      4    1    8
     8      8    1    9
     9      8    1   10
    10      8    1   11
    11      8    1   12
    12      8    1   13
    13      8    1   14
    14      8    1   15
    15      8    1   16
    16      8    1   17
    17      8    1   18
    18      8    1   19
    19      8    1   20
    20      8    1   21
    21      8    1   22
    22      8    1   23
    23      8    1   24
    24      8    1   25
    25      8    1   26
    26      8    1   27
    27      8    1   28
    28      8    1   29
    29      8    1   30
    30      8    1   31
    31      8    1   32
    32      8    1   33
    33      8    1   34
    34      8    1   35
    35      8    1   36
    36      8    1   37
    37      8    1   38
    38      8    1   39
    39      8    1   40
    40      8    1   41
    41      8    1   42
    42      8    1   43
    43      8    1   44
    44      8    1   45
    45      8    1   46
    46      8    1   47
    47      8    1   48
    48      8    1   49
    49      8    1   50
    50      8    1   51
    51      8    1   52
    52      8    1   53
    53      8    1   54
    54      8    1   55
    55      8    1   56
    56      8    1   57
    57      8    1   58
    58      8    1   59
    59      8    1   60
    60      8    1   61
    61      8    1   62
    62      8    1   63
    63      8    1   64
    64      8    1   65
    65      8    1   66
    66      8    1   67
    67      8    1   68
    68      8    1   69
    69      8    1   70
    70      8    1   71
    71      8    1   72
    72      8    1   73
    73      8    1   74
    74      8    1   75
    75      8    1   76
    76      8    1   77
    77      8    1   78
    78      8    1   79
    79      8    1   80
    80      8    1   81
    81      8    1   82
    82      8    1   83
    83      8    1   84
    84      8    1   85
    85      8    1   86
    86      8    1   87
    87      8    1   88
    88      8    1   89
    89      8    1   90
    90      8    1   91
    91      8    1   92
    92      8    1   93
    93      8    1   94
    94      8    1   95
    95      8    1   96
    96      4    9   10
    97      4    9   11
    98      4    9   12
    99      4    9   13
   100      4    9   14
   101      4    9   15
   102      4    9   16
   103      8    9   17
   104      8    9   18
   105      8    9   19
   106      8    9   20
   107      8    9   21
   108      8    9   22
   109      8    9   23
   110      8    9   24
   111      8    9   25
   112      8    9   26
   113      8    9   27
   114      8    9   28
   115      8    9   29
   116      8    9   30
   117      8    9   31
   118      8    9   32
   119      8    9   33
   120      8    9   34
   121      8    9   35
   122      8    9   36
   123      8    9   37
   124      8    9   38
   125      8    9   39
   126      8    9   40
   127      8    9   41
   128      8    9   42
   129      8    9   43
   130      8    9   44
   131      8    9   45
   132      8    9   46
   133      8    9   47
   134      8    9   48
   135      8    9   49
   136      8    9   50
   137      8    9   51
   138      8    9   52
   139      8    9   53
   140      8    9   54
   141      8    9   55
   142      8    9   56
   143      8    9   57
   144      8    9   58
   145      8    9   59
   146      8    9   60
   147      8    9   61
   148      8    9   62
   149      8    9   63
   150      8    9   64
   151      8    9   65
   152      8    9   66
   153      8    9   67
   154      8    9   68
   155      8    9   69
   156      8    9   70
   157      8    9   71
   158      8    9   72
   159      8    9   73
   160      8    9   74
   161      8    9   75
   162      8    9   76
   163      8    9   77
   164      8    9   78
   165      8    9   79
   166      8    9   80
   167      8    9   81
   168      8    9   82
   169      8    9   83
   170      8    9   84
   171      8    9   85
   172      8    9   86
   173      8    9   87
   174      8    9   88
   175      8    9   89
   176      8    9   90
   177      8    9   91
   178      8    9   92
   179      8    9   93
   180      8    9   94
   181      8    9   95
   182      8    9   96
   183      4   17   18
   184      4   17   19
   185      4   17   20
   186      4   17   21
   187      4   17   22
   188      4   17   23
   189      4   17   24
   190      8   17   25
   191      8   17   26
   192      8   17   27
   193      8   17   28
   194      8   17   29
   195      8   17   30
   196      8   17   31
   197      8   17   32
   198      8   17   33
   199      8   17   34
   200      8   17   35
   201      8   17   36
   202      8   17   37
   203      8   17   38
   204      8   17   39
   205      8   17   40
   206      8   17   41
   207      8   17   42
   208      8   17   43
   209      8   17   44
   210      8   17   45
   211      8   17   46
   212      8   17   47
   213      8   17   48
   214      8   17   49
   215      8   17   50
   216      8   17   51
   217      8   17   52
   218      8   17   53
   219      8   17   54
   220      8   17   55
   221      8   17   56
   222      8   17   57
   223      8   17   58
   224      8   17   59
   225      8   17   60
   226      8   17   61
   227      8   17   62
   228      8   17   63
   229      8   17   64
   230      8   17   65
   231      8   17   66
   232      8   17   67
   233      8   17   68
   234      8   17   69
   235      8   17   70
   236      8   17   71
   237      8   17   72
   238      8   17   73
   239      8   17   74
   240      8   17   75
   241      8   17   76
   242      8   17   77
   243      8   17   78
   244      8   17   79
   245      8   17   80
   246      8   17   81
   247      8   17   82
   248      8   17   83
   249      8   17   84
   250      8   17   85
   251      8   17   86
   252      8   17   87
   253      8   17   88
   254      8   17   89
   255      8   17   90
   256      8   17   91
   257      8   17   92
   258      8   17   93
   259      8   17   94
   260      8   17   95
   261      8   17   96
   262      4   25   26
   263      4   25   27
   264      4   25   28
   265      4   25   29
   266      4   25   30
   267      4   25   31
   268      4   25   32
   269      8   25   33
   270      8   25   34
   271      8   25   35
   272      8   25   36
   273      8   25   37
   274      8   25   38
   275      8   25   39
   276      8   25   40
   277      8   25   41
   278      8   25   42
   279      8   25   43
   280      8   25   44
   281      8   25   45
   282      8   25   46
   283      8   25   47
   284      8   25   48
   285      8   25   49
   286      8   25   50
   287      8   25   51
   288      8   25   52
   289      8   25   53
   290      8   25   54
   291      8   25   55
   292      8   25   56
   293      8   25   57
   294      8   25   58
   295      8   25   59
   296      8   25   60
   297      8   25   61
   298      8   25   62
   299      8   25   63
   300      8   25   64
   301      8   25   65
   302      8   25   66
   303      8   25   67
   304      8   25   68
   305      8   25   69
   306      8   25   70
   307      8   25   71
   308      8   25   72
   309      8   25   73
   310      8   25   74
   311      8   25   75
   312      8   25   76
   313      8   25   77
   314      8   25   78
   315      8   25   79
   316      8   25   80
   317      8   25   81
   318      8   25   82
   319      8   25   83
   320      8   25   84
   321      8   25   85
   322      8   25   86
   323      8   25   87
   324      8   25   88
   325      8   25   89
   326      8   25   90
   327      8   25   91
   328      8   25   92
   329      8   25   93
   330      8   25   94
   331      8   25   95
   332      8   25   96
   333      4   33   34
   334      4   33   35
   335      4   33   36
   336      4   33   37
   337      4   33   38
   338      4   33   39
   339      4   33   40
   340      8   33   41
   341      8   33   42
   342      8   33   43
   343      8   33   44
   344      8   33   45
   345      8   33   46
   346      8   33   47
   347      8   33   48
   348      8   33   49
   349      8   33   50
   350      8   33   51
   351      8   33   52
   352      8   33   53
   353      8   33   54
   354      8   33   55
   355      8   33   56
   356      8   33   57
   357      8   33   58
   358      8   33   59
   359      8   33   60
   360      8   33   61
   361      8   33   62
   362      8   33   63
   363      8   33   64
   364      8   33   65
   365      8   33   66
   366      8   33   67
   367      8   33   68
   368      8   33   69
   369      8   33   70
   370      8   33   71
   371      8   33   72
   372      8   33   73
   373      8   33   74
   374      8   33   75
   375      8   33   76
   376      8   33   77
   377      8   33   78
   378      8   33   79
   379      8   33   80
   380      8   33   81
   381      8   33   82
   382      8   33   83
   383      8   33   84
   384      8   33   85
   385      8   33   86
   386      8   33   87
   387      8   33   88
   388      8   33   89
   389      8   33   90
   390      8   33   91
   391      8   33   92
   392      8   33   93
   393      8   33   94
   394      8   33   95
   395      8   33   96
   396      4   41   42
   397      4   41   43
   398      4   41   44
   399      4   41   45
   400      4   41   46
   401      4   41   47
   402      4   41   48
   403      8   41   49
   404      8   41   50
   405      8   41   51
   406      8   41   52
   407      8   41   53
   408      8   41   54
   409      8   41   55
   410      8   41   56
   411      8   41   57
   412      8   41   58
   413      8   41   59
   414      8   41   60
   415      8   41   61
   416      8   41   62
   417      8   41   63
   418      8   41   64
   419      8   41   65
   420      8   41   66
   421      8   41   67
   422      8   41   68
   423      8   41   69
   424      8   41   70
   425      8   41   71
   426      8   41   72
   427      8   41   73
   428      8   41   74
   429      8   41   75
   430      8   41   76
   431      8   41   77
   432      8   41   78
   433      8   41   79
   434      8   41   80
   435      8   41   81
   436      8   41   82
   437      8   41   83
   438      8   41   84
   439      8   41   85
   440      8   41   86
   441      8   41   87
   442      8   41   88
   443      8   41   89
   444      8   41   90
   445      8   41   91
   446      8   41   92
   447      8   41   93
   448      8   41   94
   449      8   41   95
   450      8   41   96
   451      4   49   50
   452      4   49   51
   453      4   49   52
   454      4   49   53
   455      4   49   54
   456      4   49   55
   457      4   49   56
   458      8   49   57
   459      8   49   58
   460      8   49   59
   461      8   49   60
   462      8   49   61
   463      8   49   62
   464      8   49   63
   465      8   49   64
   466      8   49   65
   467      8   49   66
   468      8   49   67
   469      8   49   68
   470      8   49   69
   471      8   49   70
   472      8   49   71
   473      8   49   72
   474      8   49   73
   475      8   49   74
   476      8   49   75
   477      8   49   76
   478      8   49   77
   479      8   49   78
   480      8   49   79
   481      8   49   80
   482      8   49   81
   483      8   49   82
   484      8   49   83
   485      8   49   84
   486      8   49   85
   487      8   49   86
   488      8   49   87
   489      8   49   88
   490      8   49   89
   491      8   49   90
   492      8   49   91
   493      8   49   92
   494      8   49   93
   495      8   49   94
   496      8   49   95
   497      8   49   96
   498      4   57   58
   499      4   57   59
   500      4   57   60
   501      4   57   61
   502      4   57   62
   503      4   57   63
   504      4   57   64
   505      8   57   65
   506      8   57   66
   507      8   57   67
   508      8   57   68
   509      8   57   69
   510      8   57   70
   511      8   57   71
   512      8   57   72
   513      8   57   73
   514      8   57   74
   515      8   57   75
   516      8   57   76
   517      8   57   77
   518      8   57   78
   519      8   57   79
   520      8   57   80
   521      8   57   81
   522      8   57   82
   523      8   57   83
   524      8   57   84
   525      8   57   85
   526      8   57   86
   527      8   57   87
   528      8   57   88
   529      8   57   89
   530      8   57   90
   531      8   57   91
   532      8   57   92
   533      8   57   93
   534      8   57   94
   535      8   57   95
   536      8   57   96
   537      4   65   66
   538      4   65   67
   539      4   65   68
   540      4   65   69
   541      4   65   70
   542      4   65   71
   543      4   65   72
   544      8   65   73
   545      8   65   74
   546      8   65   75
   547      8   65   76
   548      8   65   77
   549      8   65   78
   550      8   65   79
   551      8   65   80
   552      8   65   81
   553      8   65   82
   554      8   65   83
   555      8   65   84
   556      8   65   85
   557      8   65   86
   558      8   65   87
   559      8   65   88
   560      8   65   89
   561      8   65   90
   562      8   65   91
   563      8   65   92
   564      8   65   93
   565      8   65   94
   566      8   65   95
   567      8   65   96
   568      4   73   74
   569      4   73   75
   570      4   73   76
   571      4   73   77
   572      4   73   78
   573      4   73   79
   574      4   73   80
   575      8   73   81
   576      8   73   82
   577      8   73   83
   578      8   73   84
   579      8   73   85
   580      8   73   86
   581      8   73   87
   582      8   73   88
   583      8   73   89
   584      8   73   90
   585      8   73   91
   586      8   73   92
   587      8   73   93
   588      8   73   94
   589      8   73   95
   590      8   73   96
   591      4   81   82
   592      4   81   83
   593      4   81   84
   594      4   81   85
   595      4   81   86
   596      4   81   87
   597      4   81   88
   598      8   81   89
   599      8   81   90
   600      8   81   91
   601      8   81   92
   602      8   81   93
   603      8   81   94
   604      8   81   95
   605      8   81   96
   606      4   89   90
   607      4   89   91
   608      4   89   92
   609      4   89   93
   610      4   89   94
   611      4   89   95
   612      4   89   96
