   17.1828      7.5138     10.4477     90.0000     90.0000     90.0000
          24          48
Si     0.0520900    0.0000000    0.3722700
Si     0.4479100    0.0000000    0.3722700
Si     0.9479100    0.0000000    0.6277300
Si     0.5520900    0.0000000    0.6277300
Si     0.5567300    0.0000000    0.1221300
Si     0.9432700    0.0000000    0.1221300
Si     0.4432700    0.0000000    0.8778700
Si     0.0567300    0.0000000    0.8778700
Si     0.1601900    0.2939100    0.2734400
Si     0.3398100    0.7060900    0.2734400
Si     0.8398100    0.2939100    0.7265600
Si     0.6601900    0.7060900    0.7265600
Si     0.8398100    0.7060900    0.7265600
Si     0.6601900    0.2939100    0.7265600
Si     0.1601900    0.7060900    0.2734400
Si     0.3398100    0.2939100    0.2734400
Si     0.6606600    0.2940900    0.0174400
Si     0.8393400    0.7059100    0.0174400
Si     0.3393400    0.2940900    0.9825600
Si     0.1606600    0.7059100    0.9825600
Si     0.3393400    0.7059100    0.9825600
Si     0.1606600    0.2940900    0.9825600
Si     0.6606600    0.7059100    0.0174400
Si     0.8393400    0.2940900    0.0174400
O      0.1065700    0.1743400    0.3662000
O      0.3934300    0.8256600    0.3662000
O      0.8934300    0.1743400    0.6338000
O      0.6065700    0.8256600    0.6338000
O      0.8934300    0.8256600    0.6338000
O      0.6065700    0.1743400    0.6338000
O      0.1065700    0.8256600    0.3662000
O      0.3934300    0.1743400    0.3662000
O      0.0000000    0.0000000    0.5000000
O      0.5000000    0.0000000    0.5000000
O      0.9945200    0.0000000    0.2508400
O      0.5054800    0.0000000    0.2508400
O      0.0054800    0.0000000    0.7491600
O      0.4945199    0.0000000    0.7491600
O      0.6102300    0.1755200    0.1153900
O      0.8897700    0.8244800    0.1153900
O      0.3897700    0.1755200    0.8846100
O      0.1102300    0.8244800    0.8846100
O      0.3897700    0.8244800    0.8846100
O      0.1102300    0.1755200    0.8846100
O      0.6102300    0.8244800    0.1153900
O      0.8897700    0.1755200    0.1153900
O      0.5000000    0.0000000    0.0000000
O      0.0000000    0.0000000    0.0000000
O      0.1517500    0.5000000    0.3133300
O      0.3482500    0.5000000    0.3133300
O      0.8482500    0.5000000    0.6866700
O      0.6517500    0.5000000    0.6866700
O      0.2500000    0.2349500    0.2857200
O      0.2500000    0.7650500    0.2857200
O      0.7500000    0.2349500    0.7142800
O      0.7500000    0.7650500    0.7142800
O      0.1314100    0.2686500    0.1277900
O      0.3685900    0.7313500    0.1277900
O      0.8685900    0.2686500    0.8722100
O      0.6314100    0.7313500    0.8722100
O      0.8685900    0.7313500    0.8722100
O      0.6314100    0.2686500    0.8722100
O      0.1314100    0.7313500    0.1277900
O      0.3685900    0.2686500    0.1277900
O      0.6539200    0.5000000    0.0582000
O      0.8460800    0.5000000    0.0582000
O      0.3460800    0.5000000    0.9418000
O      0.1539199    0.5000000    0.9418000
O      0.7500000    0.2310600    0.0270500
O      0.7500000    0.7689400    0.0270500
O      0.2500000    0.2310600    0.9729500
O      0.2500000    0.7689400    0.9729500
