#Nivel DeltaF_Si_300_kJmol DeltaF_Ge_300_kJmol Media_Si_eV Media_Ge_eV Min_Si_eV Min_Ge_eV Varianza_Si_eV2 Varianza_Ge_eV2 Degeneracion_total Configs_inequivalentes Entropia_total_eV_perK Entropia_Si_eV_perK Entropia_Ge_eV_perK TS_Si_300_eV F_Si_300_eV TS_Ge_300_eV F_Ge_300_eV TS_Si_800_eV F_Si_800_eV TS_Ge_800_eV F_Ge_800_eV TS_Si_1200_eV F_Si_1200_eV TS_Ge_1200_eV F_Ge_1200_eV
     0         8.76848819        0.00000000    -3088.99835449        0.00000000    -3088.99835449******************        0.00000000        0.00000000 1 1         0.00000000        0.00000000        0.00000000         0.00000000    -3088.99835449        0.00000000        0.00000000        0.00000000    -3088.99835449        0.00000000        0.00000000        0.00000000    -3088.99835449        0.00000000        0.00000000
     1         7.77146025        0.00000000    -3082.17654550        0.00000000    -3082.18215078        0.00000000        0.00001802        0.00000000 24 3         0.00027386        0.00027386        0.00000000         0.08215905    -3082.25941494        0.00000000        0.00000000        0.21909079    -3082.39634668        0.00000000        0.00000000        0.32863619    -3082.50589208        0.00000000        0.00000000
     2         6.67734766        0.00000000    -3075.32895626        0.00000000    -3075.44632499        0.00000000        0.00362142        0.00000000 276 45         0.00048433        0.00048433        0.00000000         0.14529860    -3075.54462446        0.00000000        0.00000000        0.38746294    -3075.78678880        0.00000000        0.00000000        0.58119441    -3075.98052026        0.00000000        0.00000000
     3         5.66127459        0.00000000    -3068.45817545        0.00000000    -3068.66521944        0.00000000        0.01032425        0.00000000 2024 253         0.00065602        0.00065602        0.00000000         0.19680691    -3068.81042224        0.00000000        0.00000000        0.52481842    -3069.13843375        0.00000000        0.00000000        0.78722762    -3069.40084295        0.00000000        0.00000000
     4         4.41776530        0.00000000    -3061.54979884        0.00000000    -3061.92584465        0.00000000        0.01952067        0.00000000 10626 1386         0.00079892        0.00079892        0.00000000         0.23967542    -3062.13279306        0.00000000        0.00000000        0.63913445    -3062.53225209        0.00000000        0.00000000        0.95870167    -3062.85181932        0.00000000        0.00000000
     5         3.80637709        3.44204472    -3054.61625887    -3054.58016268    -3055.08112045    -3055.13984274        0.02819920        0.02727653 42504 5313         0.00091838        0.00091838        0.00091838         0.27551390    -3055.29792853        0.27551390    -3055.38855346        0.73470373    -3055.75711836        0.73470373    -3055.84774330        1.10205560    -3056.12447023        1.10205560    -3056.21509516
     6         3.62386895        3.99223009    -3047.62973114    -3047.69010911    -3048.12085628    -3048.04692970        0.02922424        0.01094538 134596 17017         0.00101771        0.00101771        0.00101771         0.30531297    -3048.35638331        0.30531297    -3048.26475625        0.81416792    -3048.86523826        0.81416792    -3048.77361120        1.22125188    -3049.27232222        1.22125188    -3049.18069516
     7         2.18404253        2.52826564    -3040.75718232    -3040.72399193    -3041.45479343    -3041.36134870        0.05697068        0.03065290 346104 43263         0.00109910        0.00109910        0.00109910         0.32972919    -3041.72758654        0.32972919    -3041.64196364        0.87927784    -3042.27713519        0.87927784    -3042.19151229        1.31891677    -3042.71677412        1.31891677    -3042.63115121
     8         3.34551729        2.70124065    -3033.71120571    -3033.72647602    -3034.20129744    -3034.35174676        0.02284084        0.02993161 735471 92367         0.00116405        0.00116405        0.00116405         0.34921570    -3034.45173569        0.34921570    -3034.61199466        0.93124187    -3035.03376186        0.93124187    -3035.19402082        1.39686280    -3035.49938279        1.39686280    -3035.65964176
     9        -0.71129535        0.57037838    -3026.74137089    -3026.85930646    -3028.12208827    -3027.83227330        0.14815636        0.07741930 1307504 163438         0.00121363        0.00121363        0.00121363         0.36409001    -3028.47389455        0.36409001    -3028.15508785        0.97090670    -3029.08071124        0.97090670    -3028.76190454        1.45636005    -3029.56616459        1.45636005    -3029.24735790
    10         2.61014461        3.20416383    -3019.67092180    -3019.64913766    -3020.36398306    -3020.24320094        0.03320603        0.02637278 1961256 245850         0.00124857        0.00124857        0.00124857         0.37457210    -3020.66076861        0.37457210    -3020.51301080        0.99885893    -3021.28505544        0.99885893    -3021.13729763        1.49828839    -3021.78448491        1.49828839    -3021.63672710
    11        -1.82198319        2.53555578    -3012.59536165    -3012.59586920    -3014.40844789    -3013.37299120        0.20174843        0.05465053 2496144 312018         0.00126936        0.00126936        0.00126936         0.38080662    -3014.77628429        0.38080662    -3013.69237928        1.01548432    -3015.41096199        1.01548432    -3014.32705697        1.52322648    -3015.91870415        1.52322648    -3014.83479913
    12         2.61817239        2.45233136    -3005.48029784    -3005.57549409    -3006.32254252    -3006.40192650        0.03861065        0.05370088 2704156 338828         0.00127625        0.00127625        0.00127625         0.38287588    -3006.68488627        0.38287588    -3006.72613798        1.02100235    -3007.32301274        1.02100235    -3007.36426445        1.53150353    -3007.83351392        1.53150353    -3007.87476562
    13         2.46513061        2.35124724    -2998.35011092    -2998.46774573    -2999.39580407    -2999.43788177        0.08236606        0.08238680 2496144 312018         0.00126936        0.00126936        0.00126936         0.38080662    -2999.73601151        0.38080662    -2999.76433914        1.01548432    -3000.37068921        1.01548432    -3000.39901684        1.52322648    -3000.87843137        1.52322648    -3000.90675900
    14         5.36751943        3.30904636    -2991.29089355    -2991.20847555    -2991.76188752    -2992.21483889        0.00611024        0.09493292 1961256 245850         0.00124857        0.00124857        0.00124857         0.37457210    -2992.02712139        0.37457210    -2992.53915107        0.99885893    -2992.65140822        0.99885893    -2993.16343790        1.49828839    -2993.15083769        1.49828839    -2993.66286737
    15         5.28731327        4.69353108    -2984.14678067    -2984.15787494    -2984.77714876    -2984.91708930        0.04342709        0.05526199 1307504 163438         0.00121363        0.00121363        0.00121363         0.36409001    -2985.06012932        0.36409001    -2985.20782817        0.97090670    -2985.66694601        0.97090670    -2985.81464486        1.45636005    -2986.15239936        1.45636005    -2986.30009821
    16         5.77661335        4.36365860    -2977.04366211    -2976.95789399    -2977.66336708    -2978.00412683        0.04394886        0.11329926 735471 92367         0.00116405        0.00116405        0.00116405         0.34921570    -2977.95147687        0.34921570    -2978.30293872        0.93124187    -2978.53350303        0.93124187    -2978.88496489        1.39686280    -2978.99912397        1.39686280    -2979.35058582
    17         7.78150270        6.78935283    -2969.77657797    -2969.77163409    -2970.21589506    -2970.44082666        0.01734639        0.04724438 346104 43263         0.00109910        0.00109910        0.00109910         0.32972919    -2970.46583298        0.32972919    -2970.71262280        0.87927784    -2971.01538164        0.87927784    -2971.26217145        1.31891677    -2971.45502056        1.31891677    -2971.70181037
    18         4.38281006        9.23623840    -2962.58297941    -2962.55151721    -2964.03412385    -2962.88043116        0.19986791        0.01517031 134596 17017         0.00101771        0.00101771        0.00101771         0.30531297    -2964.32428944        0.30531297    -2963.11703568        0.81416792    -2964.83314440        0.81416792    -2963.62589063        1.22125188    -2965.24022836        1.22125188    -2964.03297459
    19         9.28828518        9.31511408    -2955.27188162    -2955.32059566    -2955.88188850    -2955.88180440        0.05214681        0.04676504 42504 5313         0.00091838        0.00091838        0.00091838         0.27551390    -2956.11714669        0.27551390    -2956.11047320        0.73470373    -2956.57633652        0.73470373    -2956.56966304        1.10205560    -2956.94368839        1.10205560    -2956.93701490
    20         0.00000000        1.73275513        0.00000000    -2948.02406693        0.00000000    -2950.76991111        0.00000000        0.02891250 10626 1386         0.00079892        0.00000000        0.00079892         0.00000000        0.00000000        0.23967542    -2951.00958516        0.00000000        0.00000000        0.63913445    -2951.40904419        0.00000000        0.00000000        0.95870167    -2951.72861142
    21         0.00000000       13.58669391        0.00000000    -2940.74505408        0.00000000    -2940.91872898        0.00000000        0.00755848 2024 253         0.00065602        0.00000000        0.00065602         0.00000000        0.00000000        0.19680691    -2941.07406438        0.00000000        0.00000000        0.52481842    -2941.40207589        0.00000000        0.00000000        0.78722762    -2941.66448510
    22         0.00000000       15.27502085        0.00000000    -2933.45647493        0.00000000    -2933.54491048        0.00000000        0.00356759 276 45         0.00048433        0.00000000        0.00048433         0.00000000        0.00000000        0.14529860    -2933.66716302        0.00000000        0.00000000        0.38746294    -2933.90932735        0.00000000        0.00000000        0.58119441    -2934.10305882
    23         0.00000000       17.05788037        0.00000000    -2926.13938676        0.00000000    -2926.15777645        0.00000000        0.00066972 24 3         0.00027386        0.00000000        0.00027386         0.00000000        0.00000000        0.08215905    -2926.23674739        0.00000000        0.00000000        0.21909079    -2926.37367913        0.00000000        0.00000000        0.32863619    -2926.48322453
    24         0.00000000       18.82402157        0.00000000    -2918.81049031        0.00000000    -2918.81049031        0.00000000        0.00000000 1 1         0.00000000        0.00000000        0.00000000         0.00000000        0.00000000        0.00000000    -2918.81049031        0.00000000        0.00000000        0.00000000    -2918.81049031        0.00000000        0.00000000        0.00000000    -2918.81049031
