           2  substitutions in           24 sites
                   48  configurations
     1      2    1    2
     2      2    1    3
     3      2    1    4
     4      4    1    5
     5      4    1    6
     6      4    1    7
     7      4    1    8
     8      8    1    9
     9      8    1   10
    10      8    1   11
    11      8    1   12
    12      8    1   17
    13      8    1   18
    14      8    1   19
    15      8    1   20
    16      2    5    6
    17      2    5    7
    18      2    5    8
    19      8    5    9
    20      8    5   10
    21      8    5   11
    22      8    5   12
    23      8    5   17
    24      8    5   18
    25      8    5   19
    26      8    5   20
    27      4    9   10
    28      4    9   11
    29      4    9   12
    30      4    9   13
    31      4    9   14
    32      4    9   15
    33      4    9   16
    34      8    9   17
    35      8    9   18
    36      8    9   19
    37      8    9   20
    38      8    9   21
    39      8    9   22
    40      8    9   23
    41      8    9   24
    42      4   17   18
    43      4   17   19
    44      4   17   20
    45      4   17   21
    46      4   17   22
    47      4   17   23
    48      4   17   24
