          22  substitutions in           24 sites
                   48  configurations
     1      4    1    2    3    4    5    6    7    8    9   10   11   12   13   14   15   16   17   18   19   20   21   22
     2      4    1    2    3    4    5    6    7    8    9   10   11   12   13   14   15   16   17   18   19   20   21   23
     3      4    1    2    3    4    5    6    7    8    9   10   11   12   13   14   15   16   17   18   19   20   21   24
     4      4    1    2    3    4    5    6    7    8    9   10   11   12   13   14   15   16   17   18   19   21   22   23
     5      4    1    2    3    4    5    6    7    8    9   10   11   12   13   14   15   16   17   18   19   21   22   24
     6      4    1    2    3    4    5    6    7    8    9   10   11   12   13   14   15   16   17   18   19   21   23   24
     7      4    1    2    3    4    5    6    7    8    9   10   11   12   13   14   15   16   17   18   19   22   23   24
     8      8    1    2    3    4    5    6    7    8    9   10   11   12   13   14   15   17   18   19   20   21   22   23
     9      8    1    2    3    4    5    6    7    8    9   10   11   12   13   14   15   17   18   19   20   21   22   24
    10      8    1    2    3    4    5    6    7    8    9   10   11   12   13   14   15   17   18   19   20   21   23   24
    11      8    1    2    3    4    5    6    7    8    9   10   11   12   13   14   15   17   18   19   20   22   23   24
    12      8    1    2    3    4    5    6    7    8    9   10   11   12   13   14   15   17   18   19   21   22   23   24
    13      8    1    2    3    4    5    6    7    8    9   10   11   12   13   14   15   17   18   20   21   22   23   24
    14      8    1    2    3    4    5    6    7    8    9   10   11   12   13   14   15   17   19   20   21   22   23   24
    15      8    1    2    3    4    5    6    7    8    9   10   11   12   13   14   15   18   19   20   21   22   23   24
    16      4    1    2    3    4    5    6    7    8    9   10   11   12   13   14   17   18   19   20   21   22   23   24
    17      4    1    2    3    4    5    6    7    8    9   10   11   12   13   15   17   18   19   20   21   22   23   24
    18      4    1    2    3    4    5    6    7    8    9   10   11   12   13   16   17   18   19   20   21   22   23   24
    19      4    1    2    3    4    5    6    7    8    9   10   11   13   14   15   17   18   19   20   21   22   23   24
    20      4    1    2    3    4    5    6    7    8    9   10   11   13   14   16   17   18   19   20   21   22   23   24
    21      4    1    2    3    4    5    6    7    8    9   10   11   13   15   16   17   18   19   20   21   22   23   24
    22      4    1    2    3    4    5    6    7    8    9   10   11   14   15   16   17   18   19   20   21   22   23   24
    23      8    1    2    3    4    5    6    7    9   10   11   12   13   14   15   16   17   18   19   20   21   22   23
    24      8    1    2    3    4    5    6    7    9   10   11   12   13   14   15   16   17   18   19   20   21   22   24
    25      8    1    2    3    4    5    6    7    9   10   11   12   13   14   15   16   17   18   19   20   21   23   24
    26      8    1    2    3    4    5    6    7    9   10   11   12   13   14   15   16   17   18   19   20   22   23   24
    27      8    1    2    3    4    5    6    7    9   10   11   12   13   14   15   17   18   19   20   21   22   23   24
    28      8    1    2    3    4    5    6    7    9   10   11   12   13   14   16   17   18   19   20   21   22   23   24
    29      8    1    2    3    4    5    6    7    9   10   11   12   13   15   16   17   18   19   20   21   22   23   24
    30      8    1    2    3    4    5    6    7    9   10   11   12   14   15   16   17   18   19   20   21   22   23   24
    31      2    1    2    3    4    5    6    9   10   11   12   13   14   15   16   17   18   19   20   21   22   23   24
    32      2    1    2    3    4    5    7    9   10   11   12   13   14   15   16   17   18   19   20   21   22   23   24
    33      2    1    2    3    4    5    8    9   10   11   12   13   14   15   16   17   18   19   20   21   22   23   24
    34      8    1    2    3    5    6    7    8    9   10   11   12   13   14   15   16   17   18   19   20   21   22   23
    35      8    1    2    3    5    6    7    8    9   10   11   12   13   14   15   16   17   18   19   20   21   22   24
    36      8    1    2    3    5    6    7    8    9   10   11   12   13   14   15   16   17   18   19   20   21   23   24
    37      8    1    2    3    5    6    7    8    9   10   11   12   13   14   15   16   17   18   19   20   22   23   24
    38      8    1    2    3    5    6    7    8    9   10   11   12   13   14   15   17   18   19   20   21   22   23   24
    39      8    1    2    3    5    6    7    8    9   10   11   12   13   14   16   17   18   19   20   21   22   23   24
    40      8    1    2    3    5    6    7    8    9   10   11   12   13   15   16   17   18   19   20   21   22   23   24
    41      8    1    2    3    5    6    7    8    9   10   11   12   14   15   16   17   18   19   20   21   22   23   24
    42      4    1    2    3    5    6    7    9   10   11   12   13   14   15   16   17   18   19   20   21   22   23   24
    43      4    1    2    3    5    6    8    9   10   11   12   13   14   15   16   17   18   19   20   21   22   23   24
    44      4    1    2    3    5    7    8    9   10   11   12   13   14   15   16   17   18   19   20   21   22   23   24
    45      4    1    2    3    6    7    8    9   10   11   12   13   14   15   16   17   18   19   20   21   22   23   24
    46      2    1    2    5    6    7    8    9   10   11   12   13   14   15   16   17   18   19   20   21   22   23   24
    47      2    1    3    5    6    7    8    9   10   11   12   13   14   15   16   17   18   19   20   21   22   23   24
    48      2    1    4    5    6    7    8    9   10   11   12   13   14   15   16   17   18   19   20   21   22   23   24
