          10  substitutions in           12 sites
                   22  configurations
     1      1    1    2    3    4    5    6    7    8    9   10
     2      2    1    2    3    4    5    6    7    8    9   11
     3      2    1    2    3    4    5    6    7    8    9   12
     4      1    1    2    3    4    5    6    7    8   11   12
     5      4    1    2    3    4    5    6    7    9   10   11
     6      4    1    2    3    4    5    6    7    9   10   12
     7      4    1    2    3    4    5    6    7    9   11   12
     8      4    1    2    3    4    5    6    7   10   11   12
     9      2    1    2    3    4    5    6    9   10   11   12
    10      2    1    2    3    4    5    7    9   10   11   12
    11      2    1    2    3    4    5    8    9   10   11   12
    12      4    1    2    3    5    6    7    8    9   10   11
    13      4    1    2    3    5    6    7    8    9   10   12
    14      4    1    2    3    5    6    7    8    9   11   12
    15      4    1    2    3    5    6    7    8   10   11   12
    16      4    1    2    3    5    6    7    9   10   11   12
    17      4    1    2    3    5    6    8    9   10   11   12
    18      4    1    2    3    5    7    8    9   10   11   12
    19      4    1    2    3    6    7    8    9   10   11   12
    20      2    1    2    5    6    7    8    9   10   11   12
    21      2    1    3    5    6    7    8    9   10   11   12
    22      2    1    4    5    6    7    8    9   10   11   12
