  -5236.7038369572592     
  -5236.7021705701090     
  -5236.6960604838914     
  -5236.7001447661223     
  -5236.6952436274451     
  -5236.9162350384076     
  -5236.9224104731411     
  -5236.9136210977795     
  -5236.9096348383218     
  -5236.9146666740307     
  -5236.9142745829367     
  -5236.9177380542678     
  -5236.9157122502820     
  -5237.0160596811538     
  -5237.0256985872193     
  -5237.0236074347167     
  -5237.0343572655493     
  -5237.0186409475236     
  -5237.0232806921385     
  -5237.0234767376851     
  -5237.0217776762775     
  -5236.6886761016176     
  -5236.6871404114991     
  -5236.7006675542480     
  -5236.9155162047346     
  -5236.9134904007478     
  -5236.9015642966333     
  -5236.9011722055393     
  -5236.9115626195344     
  -5236.9075763600777     
  -5236.9032960322993     
  -5236.9094714670327     
  -5237.0082178592702     
  -5237.0065187978616     
  -5237.0229212753020     
  -5237.0275610199160     
  -5237.0041662512967     
  -5237.0149160821293     
  -5237.0161577039271     
  -5237.0257966099925     
  -5236.6829907807523     
  -5236.9141112116467     
  -5236.9137191205527     
  -5236.8972839688549     
  -5236.8952581648691     
  -5236.8959443242838     
  -5236.9021197590173     
  -5236.9132290066855     
  -5236.9092427472278     
  -5237.0038721829760     
  -5237.0085119275909     
  -5237.0215816307300     
  -5237.0198825693224     
  -5237.0099822691946     
  -5237.0196211752591     
  -5237.0046563651649     
  -5237.0154061959965     
  -5237.1435325811353     
  -5237.1083750796906     
  -5237.1110543688337     
  -5237.1256270878339     
  -5237.1197783956795     
  -5237.1213140857981     
  -5237.1284043997512     
  -5237.2239813889764     
  -5237.2232952295617     
  -5237.2418542080195     
  -5237.2392402673922     
  -5237.2269874206986     
  -5237.2341104089091     
  -5237.2405472377059     
  -5237.2348945910981     
  -5237.1127534302423     
  -5237.1014154627683     
  -5237.1085057767214     
  -5237.1147465599706     
  -5237.1088978678163     
  -5237.2102582006801     
  -5237.2076442600519     
  -5237.2247982454228     
  -5237.2241120860081     
  -5237.2218248879590     
  -5237.2161722413512     
  -5237.2149306195533     
  -5237.2220536077639     
  -5237.1237973293946     
  -5237.1085384509797     
  -5237.1112177401228     
  -5237.2127741185341     
  -5237.2198971067455     
  -5237.2392075931339     
  -5237.2335549465261     
  -5237.2184594394002     
  -5237.2177732799855     
  -5237.2234586008508     
  -5237.2208446602235     
  -5237.1328154245602     
  -5237.2275102088233     
  -5237.2218575622164     
  -5237.2334895980102     
  -5237.2406125862217     
  -5237.2246348741328     
  -5237.2220209335055     
  -5237.2263012612839     
  -5237.2256151018692     
  -5237.3208000000004     
  -5237.3262892753201     
  -5237.3306349516133     
  -5237.3155067702291     
  -5237.3176305969891     
  -5237.3288051931740     
  -5237.3167157177704     
  -5237.3532128637871     
  -5237.3416788507666     
  -5237.3295893753620     
  -5237.3350459764233     
  -5237.3371698031833     
  -5237.3294913525888     
  -5237.3221069703150     
  -5237.3264526466091     
  -5237.3361569011904     
  -5236.6994586067076     
  -5236.7019745245616     
  -5236.9121180819184     
  -5236.9122814532075     
  -5236.9135557492637     
  -5236.9153528334455     
  -5236.9204173434118     
  -5236.9140131888735     
  -5236.9076417085935     
  -5236.9113992482462     
  -5237.0115179593131     
  -5237.0302076348025     
  -5237.0100149434520     
  -5237.0350434249640     
  -5237.0097535493887     
  -5237.0234440634276     
  -5237.0184122277187     
  -5237.0309918169905     
  -5236.6774361569178     
  -5236.8990810530368     
  -5236.9032960322993     
  -5236.9021524332748     
  -5236.9047336996446     
  -5236.9054198590593     
  -5236.9069882234362     
  -5236.9028059184311     
  -5236.8942125886169     
  -5236.9988076730097     
  -5237.0208954713153     
  -5237.0036434631711     
  -5237.0193924554542     
  -5237.0094921553264     
  -5237.0016830077002     
  -5237.0170399088893     
  -5237.0103416860302     
  -5237.1294499760024     
  -5237.1074928747285     
  -5237.1123613391474     
  -5237.1216081541188     
  -5237.1133415668837     
  -5237.1127861044997     
  -5237.1174585233721     
  -5237.2144078314268     
  -5237.2341104089091     
  -5237.2160742185770     
  -5237.2338490148468     
  -5237.2197010611990     
  -5237.2297647326159     
  -5237.2299281039050     
  -5237.2272161405035     
  -5237.1118712252801     
  -5237.1179486372394     
  -5237.1213794343139     
  -5237.1220655937286     
  -5237.1125573846948     
  -5237.2159108472879     
  -5237.2369857436006     
  -5237.2156494532255     
  -5237.2386521307499     
  -5237.2290132246853     
  -5237.2248309196812     
  -5237.2264646325730     
  -5237.2350579623871     
  -5237.1296133472915     
  -5237.1122633163741     
  -5237.1125247104364     
  -5237.2154534076781     
  -5237.2429651327857     
  -5237.2256804503841     
  -5237.2404165406742     
  -5237.2234259265933     
  -5237.2256804503841     
  -5237.2250923137435     
  -5237.2254190563217     
  -5237.1074275262126     
  -5237.2201585008079     
  -5237.2334242494944     
  -5237.2176099086964     
  -5237.2436512922013     
  -5237.2203218720979     
  -5237.2239487147190     
  -5237.2200604780346     
  -5237.2256151018692     
  -5237.3383134022079     
  -5237.3072075087366     
  -5237.3319419219270     
  -5237.3149186335886     
  -5237.3199831435550     
  -5237.3248842822322     
  -5237.3157354900350     
  -5237.3479849825308     
  -5237.3374311972457     
  -5237.3382480536920     
  -5237.3331835437257     
  -5237.3482137023357     
  -5237.3341310972037     
  -5237.3204732574231     
  -5237.3277596169228     
  -5237.3263546238359     
  -5236.7142927197701     
  -5236.9257105731831     
  -5236.9135230750062     
  -5236.9169865463373     
  -5236.9267561494344     
  -5236.9274423088491     
  -5236.9218223364987     
  -5236.9130329611380     
  -5236.9208421087642     
  -5237.0285739219098     
  -5237.0279857852684     
  -5237.0281818308158     
  -5237.0317106506627     
  -5237.0218103505349     
  -5237.0262213753449     
  -5237.0241302228424     
  -5237.0401079349303     
  -5236.7167106148518     
  -5236.9248937167367     
  -5236.9167578265324     
  -5236.9178034027836     
  -5236.9283571880687     
  -5236.9246649969318     
  -5236.9270175434967     
  -5236.9204173434118     
  -5236.9158756215711     
  -5237.0280838080416     
  -5237.0308937942173     
  -5237.0340305229702     
  -5237.0282798535891     
  -5237.0337691289078     
  -5237.0166804920527     
  -5237.0349780764482     
  -5237.0316779764053     
  -5237.1429771187513     
  -5237.1232091927532     
  -5237.1360501760873     
  -5237.1409186405072     
  -5237.1334362354601     
  -5237.1304628779953     
  -5237.1391869048412     
  -5237.2437493149746     
  -5237.2441740803270     
  -5237.2465266268919     
  -5237.2428017614975     
  -5237.2440433832953     
  -5237.2448275654842     
  -5237.2479316199797     
  -5237.2486177793944     
  -5237.1157267877061     
  -5237.1249082541617     
  -5237.1291232334243     
  -5237.1273914977583     
  -5237.1219348966970     
  -5237.2329014613688     
  -5237.2346985455506     
  -5237.2337509920735     
  -5237.2352540079337     
  -5237.2410046773157     
  -5237.2275428830826     
  -5237.2321172791808     
  -5237.2441087318111     
  -5237.1431404900404     
  -5237.1233725640423     
  -5237.1276855660781     
  -5237.2382273653984     
  -5237.2464612783760     
  -5237.2495653328715     
  -5237.2428017614975     
  -5237.2412007228622     
  -5237.2341757574250     
  -5237.2365283039899     
  -5237.2402531693851     
  -5237.1244181402935     
  -5237.2437166407162     
  -5237.2377045772728     
  -5237.2422789733719     
  -5237.2468206952126     
  -5237.2388808505548     
  -5237.2332282039479     
  -5237.2322806504699     
  -5237.2412333971197     
  -5237.3518405449568     
  -5237.3411233883826     
  -5237.3443581399097     
  -5237.3427244270169     
  -5237.3385094477553     
  -5237.3463512696389     
  -5237.3406006002569     
  -5237.3465799894429     
  -5237.3459591785440     
  -5237.3374965457615     
  -5237.3353727190015     
  -5237.3538010004277     
  -5237.3476582399526     
  -5237.3369410833784     
  -5237.3476255656942     
  -5237.3349479536500     
  -5237.1403958523815     
  -5237.1153020223537     
  -5237.1237646551363     
  -5237.1383700483948     
  -5237.1265092927961     
  -5237.1182100313026     
  -5237.1310836888952     
  -5237.2264319583146     
  -5237.2347965683239     
  -5237.2352540079346     
  -5237.2469187179859     
  -5237.2250923137435     
  -5237.2412660713780     
  -5237.2424750189184     
  -5237.2511010229910     
  -5237.1119692480534     
  -5237.1150733025488     
  -5237.1263459215070     
  -5237.1192882818114     
  -5237.1179813114977     
  -5237.2197337354555     
  -5237.2294706642951     
  -5237.2266280038621     
  -5237.2435205951697     
  -5237.2262032385097     
  -5237.2281310197232     
  -5237.2308103088671     
  -5237.2507416061544     
  -5237.1295153245183     
  -5237.1156941134477     
  -5237.1156287649328     
  -5237.2167603779917     
  -5237.2231972067884     
  -5237.2222496533104     
  -5237.2358421445751     
  -5237.2239813889764     
  -5237.2273795117926     
  -5237.2209100087393     
  -5237.2423116476293     
  -5237.1272608007266     
  -5237.2199297810030     
  -5237.2315944910551     
  -5237.2273468375352     
  -5237.2423116476293     
  -5237.2241120860081     
  -5237.2388155020399     
  -5237.2338163405893     
  -5237.2409720030573     
  -5237.3318765734111     
  -5237.3192643098819     
  -5237.3378886368555     
  -5237.3131868979217     
  -5237.3243614941066     
  -5237.3303082090351     
  -5237.3324973843110     
  -5237.3326607556000     
  -5237.3425937299862     
  -5237.3312884367706     
  -5237.3272695030555     
  -5237.3536376291386     
  -5237.3514157796053     
  -5237.3274982228604     
  -5237.3439007002999     
  -5237.3560555242193     
  -5237.1354947137042     
  -5237.1079829885957     
  -5237.1172298035672     
  -5237.1274568462732     
  -5237.1235686095897     
  -5237.1174585233721     
  -5237.1179813114977     
  -5237.2178059542430     
  -5237.2295686870684     
  -5237.2329668098846     
  -5237.2353520307079     
  -5237.2289152019111     
  -5237.2235892978824     
  -5237.2451869823199     
  -5237.2345351742615     
  -5237.1087018222679     
  -5237.1125900589523     
  -5237.1196476986479     
  -5237.1225883818543     
  -5237.1089305420737     
  -5237.2151593393573     
  -5237.2282943910122     
  -5237.2283924137855     
  -5237.2360055158642     
  -5237.2340777346508     
  -5237.2145058542001     
  -5237.2375738802411     
  -5237.2382273653984     
  -5237.1246141858410     
  -5237.1165763184099     
  -5237.1041601004281     
  -5237.2097680868119     
  -5237.2196030384248     
  -5237.2215961681541     
  -5237.2259091701899     
  -5237.2294379900368     
  -5237.2113364511888     
  -5237.2252556850326     
  -5237.2273795117926     
  -5237.1172951520830     
  -5237.2137216720121     
  -5237.2287845048795     
  -5237.2274775345659     
  -5237.2331628554321     
  -5237.2303528692564     
  -5237.2235566236241     
  -5237.2389461990706     
  -5237.2268240494095     
  -5237.3269754347339     
  -5237.3173038544110     
  -5237.3266486921557     
  -5237.3173365286693     
  -5237.3070114631892     
  -5237.3333469150148     
  -5237.3162582781597     
  -5237.3340984229453     
  -5237.3347519081026     
  -5237.3319092476686     
  -5237.3337063318513     
  -5237.3407966458044     
  -5237.3465146409280     
  -5237.3368757348626     
  -5237.3340004001720     
  -5237.3439987230731     
  -5237.1440880435184     
  -5237.1144851659083     
  -5237.1213140857981     
  -5237.1262152244753     
  -5237.1245161630677     
  -5237.1316064770199     
  -5237.1343184404213     
  -5237.2255497533533     
  -5237.2402531693851     
  -5237.2373778346946     
  -5237.2427037387233     
  -5237.2343718029724     
  -5237.2494346358399     
  -5237.2344371514882     
  -5237.2441740803270     
  -5237.1127861044997     
  -5237.1142564461034     
  -5237.1159881817694     
  -5237.1259865046704     
  -5237.1228497759166     
  -5237.2204852433870     
  -5237.2365609782482     
  -5237.2303855435148     
  -5237.2409393287999     
  -5237.2371164406313     
  -5237.2379332970777     
  -5237.2244061543288     
  -5237.2454483763831     
  -5237.1241894204886     
  -5237.1031798726926     
  -5237.1144198173924     
  -5237.2130028383399     
  -5237.2257784731582     
  -5237.2214981453799     
  -5237.2287518306221     
  -5237.2303855435148     
  -5237.2326727415648     
  -5237.2099968066177     
  -5237.2325093702748     
  -5237.1114791341861     
  -5237.2145385284584     
  -5237.2325420445331     
  -5237.2249616167119     
  -5237.2335876207844     
  -5237.2288825276537     
  -5237.2424750189184     
  -5237.2212694255750     
  -5237.2295360128110     
  -5237.3343924912660     
  -5237.3184474534364     
  -5237.3307329743866     
  -5237.3195257039451     
  -5237.3295893753620     
  -5237.3193296583977     
  -5237.3226297584406     
  -5237.3381827051762     
  -5237.3417768735399     
  -5237.3370391061517     
  -5237.3428551240486     
  -5237.3501088092908     
  -5237.3472661488586     
  -5237.3396530467799     
  -5237.3355034160331     
  -5237.3555327360937     
  -5237.1379779573008     
  -5237.1059571846099     
  -5237.1168377124723     
  -5237.1258884818972     
  -5237.1118385510226     
  -5237.1211180402506     
  -5237.1318025225673     
  -5237.2236873206557     
  -5237.2291112474586     
  -5237.2291765959744     
  -5237.2379006228193     
  -5237.2375085317253     
  -5237.2332935524637     
  -5237.2386848050082     
  -5237.2269220721828     
  -5237.1050423053894     
  -5237.1105642549655     
  -5237.1164456213783     
  -5237.1140930748134     
  -5237.1246141858410     
  -5237.2194069928773     
  -5237.2262032385106     
  -5237.2229684869835     
  -5237.2369203950839     
  -5237.2410373515731     
  -5237.2225763958895     
  -5237.2294379900368     
  -5237.2289805504270     
  -5237.1180793342710     
  -5237.1012194172217     
  -5237.1001084924546     
  -5237.2095066927495     
  -5237.2130028383399     
  -5237.2116631937679     
  -5237.2223150018262     
  -5237.2318885593759     
  -5237.2148979452950     
  -5237.2126107472459     
  -5237.2136236492388     
  -5237.1165109698941     
  -5237.2150939908415     
  -5237.2238180176873     
  -5237.2191782730724     
  -5237.2312023999611     
  -5237.2344371514882     
  -5237.2287518306221     
  -5237.2279349741757     
  -5237.2147018997475     
  -5237.3282824050484     
  -5237.3152780504251     
  -5237.3309616941915     
  -5237.3276942684070     
  -5237.3184801276939     
  -5237.3286091476266     
  -5237.3104095860053     
  -5237.3257338129361     
  -5237.3327261041159     
  -5237.3359281813846     
  -5237.3224663871515     
  -5237.3226297584406     
  -5237.3411560626409     
  -5237.3414828052191     
  -5237.3180553623424     
  -5237.3407312972886     
  -5237.3218840856061     
  -5237.3280595203387     
  -5237.3436778155910     
  -5237.3416520116043     
  -5237.3404103898056     
  -5237.3400182987116     
  -5237.4386013196590     
  -5237.4493511504907     
  -5237.4486649910759     
  -5237.4583038971414     
  -5237.4521284624079     
  -5237.4504294010003     
  -5237.4583038971414     
  -5237.4629436417563     
  -5237.3192701449780     
  -5237.3121471567674     
  -5237.3113629745794     
  -5237.3135848241127     
  -5237.3144343548165     
  -5237.4123965648650     
  -5237.4198462956538     
  -5237.4210552431950     
  -5237.4273940492167     
  -5237.4266752155445     
  -5237.4264464957396     
  -5237.4251721996834     
  -5237.4312822859010     
  -5237.3280921945970     
  -5237.3131273845029     
  -5237.3165908558340     
  -5237.3291377708483     
  -5237.4186373481134     
  -5237.4313149601585     
  -5237.4292238076559     
  -5237.4369349325088     
  -5237.4298772928132     
  -5237.4409538662239     
  -5237.4411499117714     
  -5237.4330140215670     
  -5237.3397242303909     
  -5237.3204464182609     
  -5237.3298239302630     
  -5237.4279821858581     
  -5237.4451688454865     
  -5237.4485342940452     
  -5237.4499066128747     
  -5237.4363794701258     
  -5237.4411172375130     
  -5237.4467698841208     
  -5237.4431430414998     
  -5237.3152512112629     
  -5237.3192701449780     
  -5237.4272306779276     
  -5237.4301713611339     
  -5237.4350071512963     
  -5237.4476847633405     
  -5237.4278188145690     
  -5237.4339289007867     
  -5237.4362814473516     
  -5237.4378824859868     
  -5237.3395281848434     
  -5237.4308248462912     
  -5237.4352358711003     
  -5237.4309228690645     
  -5237.4450708227123     
  -5237.4306614750012     
  -5237.4334714611769     
  -5237.4377191146968     
  -5237.4360200532892     
  -5237.4318704225425     
  -5237.4475867405672     
  -5237.4447440801341     
  -5237.4446460573608     
  -5237.4347457572330     
  -5237.4427836246632     
  -5237.4437311781412     
  -5237.4434044355630     
  -5237.5374784089272     
  -5237.5270226464154     
  -5237.5383932881468     
  -5237.5248334711396     
  -5237.5323812247025     
  -5237.5435231466290     
  -5237.5304207692316     
  -5237.5414319941265     
  -5237.5441112832705     
  -5237.5370209693174     
  -5237.5403210693594     
  -5237.5414973426423     
  -5237.5525739160530     
  -5237.5550898339070     
  -5237.5451241852634     
  -5237.5384586366627     
  -5237.5438825634656     
  -5237.5449934882326     
  -5237.5400596752970     
  -5237.5575730775035     
  -5237.5530313556628     
  -5237.5498946269099     
  -5237.5469539437026     
  -5237.5395368871714     
  -5237.5428696614717     
  -5237.5493064902685     
  -5237.5439479119814     
  -5237.5579651685985     
  -5237.3152838855203     
  -5237.3049914942985     
  -5237.3159046964192     
  -5237.3193681677512     
  -5237.3060370705498     
  -5237.4104034351358     
  -5237.4192254847549     
  -5237.4171343322523     
  -5237.4287010195303     
  -5237.4324912334414     
  -5237.4180165372145     
  -5237.4182125827620     
  -5237.4356279621943     
  -5237.3155779538411     
  -5237.3123105280565     
  -5237.3170156211863     
  -5237.3153819082945     
  -5237.4112856400980     
  -5237.4253355709725     
  -5237.4199443184280     
  -5237.4328833245354     
  -5237.4303347324230     
  -5237.4271653294127     
  -5237.4288317165629     
  -5237.4320011195741     
  -5237.3357379709332     
  -5237.3177017806011     
  -5237.3128986646971     
  -5237.4174610748314     
  -5237.4360200532892     
  -5237.4360854018050     
  -5237.4426856018899     
  -5237.4336675067234     
  -5237.4241592976905     
  -5237.4312822859010     
  -5237.4389607364956     
  -5237.3242039579127     
  -5237.3140422637225     
  -5237.4284069512096     
  -5237.4327199532463     
  -5237.4342556433658     
  -5237.4521611366663     
  -5237.4368042354772     
  -5237.4286683452738     
  -5237.4324912334414     
  -5237.4453975652914     
  -5237.3355419253867     
  -5237.4332427413719     
  -5237.4390260850114     
  -5237.4314129829327     
  -5237.4507888178359     
  -5237.4408885177081     
  -5237.4294525274618     
  -5237.4351705225854     
  -5237.4447767543925     
  -5237.4201076897170     
  -5237.4371963265712     
  -5237.4310535660961     
  -5237.4361834245783     
  -5237.4307921720329     
  -5237.4245840630419     
  -5237.4270019581227     
  -5237.4379805087601     
  -5237.5334921494696     
  -5237.5197362869158     
  -5237.5363348099017     
  -5237.5272840404778     
  -5237.5205858176196     
  -5237.5331980811488     
  -5237.5314009969670     
  -5237.5355179534563     
  -5237.5434251238557     
  -5237.5408438574850     
  -5237.5298979811068     
  -5237.5325445959925     
  -5237.5549264626179     
  -5237.5511035744494     
  -5237.5456469733890     
  -5237.5247354483663     
  -5237.5316297167728     
  -5237.5440459347546     
  -5237.5458103446781     
  -5237.5490777704636     
  -5237.5460063902256     
  -5237.5541749546874     
  -5237.5429676842459     
  -5237.5370209693174     
  -5237.5516590368325     
  -5237.5325445959925     
  -5237.5384913109201     
  -5237.5539789091408     
  -5237.3235831470138     
  -5237.3215573430271     
  -5237.3297259074898     
  -5237.3293338163958     
  -5237.4246167372994     
  -5237.4353665681319     
  -5237.4318704225425     
  -5237.4415093286079     
  -5237.4444173375559     
  -5237.4427182761483     
  -5237.4352358711003     
  -5237.4398756157152     
  -5237.3222435024418     
  -5237.3076707834416     
  -5237.3041092893363     
  -5237.4080508885709     
  -5237.4233097669858     
  -5237.4252702224567     
  -5237.4285703224996     
  -5237.4250088283943     
  -5237.4169709609632     
  -5237.4149451569774     
  -5237.4240939491747     
  -5237.3154145825520     
  -5237.3064945101596     
  -5237.4202383867478     
  -5237.4212512887416     
  -5237.4246820858161     
  -5237.4392874790738     
  -5237.4293871789459     
  -5237.4227216303452     
  -5237.4173957263156     
  -5237.4317723997683     
  -5237.3314576431558     
  -5237.4285376482412     
  -5237.4310208918378     
  -5237.4253028967150     
  -5237.4413786315763     
  -5237.4369349325088     
  -5237.4269692838652     
  -5237.4235384867916     
  -5237.4346150602014     
  -5237.4166442183850     
  -5237.4304327551972     
  -5237.4261851016772     
  -5237.4280148601165     
  -5237.4280802086314     
  -5237.4233424412441     
  -5237.4166115441276     
  -5237.4290604363678     
  -5237.5261077671958     
  -5237.5142470115970     
  -5237.5275454345410     
  -5237.5239512661774     
  -5237.5187233849219     
  -5237.5221868562539     
  -5237.5218601136758     
  -5237.5267285780947     
  -5237.5313356484512     
  -5237.5342109831417     
  -5237.5247354483663     
  -5237.5182332710547     
  -5237.5420854792837     
  -5237.5409092060017     
  -5237.5409092060017     
  -5237.5214680225818     
  -5237.5192134987901     
  -5237.5331000583756     
  -5237.5377724772479     
  -5237.5425102446361     
  -5237.5302900722008     
  -5237.5399289782654     
  -5237.5418567594788     
  -5237.5267612523530     
  -5237.5428696614717     
  -5237.5237552206308     
  -5237.5311722771621     
  -5237.5375110831847     
  -5237.3284189371752     
  -5237.3150878399738     
  -5237.3232237301772     
  -5237.4187026966292     
  -5237.4391894563005     
  -5237.4378498117285     
  -5237.4425222306008     
  -5237.4326219304730     
  -5237.4358893562576     
  -5237.4353338938745     
  -5237.4302367096498     
  -5237.3086510111771     
  -5237.3114283230943     
  -5237.4167095669009     
  -5237.4229503501492     
  -5237.4230810471809     
  -5237.4390587592688     
  -5237.4228196531185     
  -5237.4274593977325     
  -5237.4236038353065     
  -5237.4237345323381     
  -5237.3376330778883     
  -5237.4262504501921     
  -5237.4339615750441     
  -5237.4249434798785     
  -5237.4423915335692     
  -5237.4316090284792     
  -5237.4329486730512     
  -5237.4309882175803     
  -5237.4278188145690     
  -5237.4260544046456     
  -5237.4450708227123     
  -5237.4375230691503     
  -5237.4407251464190     
  -5237.4344516889123     
  -5237.4410192147398     
  -5237.4357586592259     
  -5237.4339615750450     
  -5237.5322832019292     
  -5237.5171223462876     
  -5237.5317930880610     
  -5237.5218601136758     
  -5237.5279375256350     
  -5237.5328713385707     
  -5237.5182986195705     
  -5237.5348317940416     
  -5237.5408111832276     
  -5237.5373477118956     
  -5237.5391774703348     
  -5237.5341456346268     
  -5237.5437518664339     
  -5237.5470846407343     
  -5237.5407458347117     
  -5237.5326099445074     
  -5237.5318257623194     
  -5237.5314663454828     
  -5237.5389814247883     
  -5237.5550244853921     
  -5237.5442746545596     
  -5237.5396675842030     
  -5237.5480321942123     
  -5237.5344070286892     
  -5237.5362694613868     
  -5237.5427062901827     
  -5237.5358773702928     
  -5237.5436865179181     
  -5237.3203157212292     
  -5237.3199236301343     
  -5237.4338635522709     
  -5237.4446133831025     
  -5237.4502006811954     
  -5237.4598395872599     
  -5237.4371309780554     
  -5237.4354319166478     
  -5237.4370329552821     
  -5237.4416726998961     
  -5237.3233871014663     
  -5237.4206631521001     
  -5237.4328833245354     
  -5237.4293218304301     
  -5237.4404310780983     
  -5237.4231790699541     
  -5237.4181799085036     
  -5237.4216760540940     
  -5237.4230156986650     
  -5237.4172977035414     
  -5237.4408231691923     
  -5237.4387320166898     
  -5237.4355952879368     
  -5237.4228523273759     
  -5237.4230810471809     
  -5237.4232770927283     
  -5237.4259890561298     
  -5237.5366942267383     
  -5237.5269899721579     
  -5237.5353219079088     
  -5237.5189194304694     
  -5237.5186580364061     
  -5237.5290484504021     
  -5237.5189847789852     
  -5237.5492084674943     
  -5237.5488490506577     
  -5237.5389160762725     
  -5237.5344070286892     
  -5237.5348317940416     
  -5237.5489470734319     
  -5237.5605791092257     
  -5237.5477708001490     
  -5237.5332961039221     
  -5237.5379685227954     
  -5237.5421181535412     
  -5237.5396675842030     
  -5237.5493718387843     
  -5237.5440786090121     
  -5237.5439805862388     
  -5237.5359100445503     
  -5237.5277414800885     
  -5237.5341129603685     
  -5237.5297019355594     
  -5237.5273820632519     
  -5237.5406478119385     
  -5237.3213612974796     
  -5237.4284396254679     
  -5237.4264138214812     
  -5237.4243226689796     
  -5237.4467372098625     
  -5237.4231463956958     
  -5237.4195195530756     
  -5237.4197155986230     
  -5237.4262831244496     
  -5237.4197155986230     
  -5237.4289950878519     
  -5237.4283742769530     
  -5237.4365428414148     
  -5237.4174610748314     
  -5237.4190621134658     
  -5237.4159580589703     
  -5237.4238979036272     
  -5237.5346684227516     
  -5237.5264345097748     
  -5237.5460717387405     
  -5237.5233304552785     
  -5237.5244413800456     
  -5237.5315316939987     
  -5237.5266959038372     
  -5237.5344070286892     
  -5237.5453529050683     
  -5237.5290811246596     
  -5237.5259443959067     
  -5237.5230690612161     
  -5237.5424122218619     
  -5237.5585533052390     
  -5237.5394061901407     
  -5237.5263038127432     
  -5237.5276761315727     
  -5237.5370536435748     
  -5237.5426082674094     
  -5237.5536848408201     
  -5237.5450915110059     
  -5237.5502213694881     
  -5237.5338842405636     
  -5237.5224155760588     
  -5237.5340149375952     
  -5237.5257483503601     
  -5237.5286563593081     
  -5237.5386220079517     
  -5237.4460510504477     
  -5237.4568008812803     
  -5237.4470312781841     
  -5237.4566701842487     
  -5237.4430450187256     
  -5237.4413459573179     
  -5237.4401370097776     
  -5237.4447767543925     
  -5237.5458103446781     
  -5237.5284276395032     
  -5237.5495352100725     
  -5237.5322505276708     
  -5237.5300613523950     
  -5237.5390467733041     
  -5237.5309108830988     
  -5237.5378705000212     
  -5237.5502867180030     
  -5237.5394715386556     
  -5237.5330347098597     
  -5237.5320544821243     
  -5237.5480975427272     
  -5237.5543383259765     
  -5237.5406478119385     
  -5237.5242453344990     
  -5237.5275127602836     
  -5237.5335901722428     
  -5237.5453202308099     
  -5237.5530967041786     
  -5237.5463984813196     
  -5237.5482282397588     
  -5237.5387527049825     
  -5237.5291791474338     
  -5237.5374784089263     
  -5237.5292118216912     
  -5237.5288197305972     
  -5237.5406804861959     
  -5237.5454182535841     
  -5237.5295058900119     
  -5237.5363674841601     
  -5237.5235918493418     
  -5237.5266305553214     
  -5237.5323158761867     
  -5237.5255523048127     
  -5237.5502540437456     
  -5237.5484242853063     
  -5237.5421181535412     
  -5237.5409092060008     
  -5237.5366288782225     
  -5237.5540442576557     
  -5237.5539462348825     
  -5237.5447647684268     
  -5237.5335901722428     
  -5237.5335574979854     
  -5237.5410072287750     
  -5237.5351912108772     
  -5237.5481955655014     
  -5237.5381972425994     
  -5237.5413993198690     
  -5237.5383606138885     
  -5237.5254869562968     
  -5237.5351585366197     
  -5237.5307475118097     
  -5237.5317277395461     
  -5237.5402883951019     
  -5237.6302454119786     
  -5237.6398843180432     
  -5237.6299186693996     
  -5237.6282196079919     
  -5237.6341336486621     
  -5237.6387733932770     
  -5237.6377931655416     
  -5237.6249521822074     
  -5237.6132874721552     
  -5237.6234491663463     
  -5237.6181232623167     
  -5237.6268472891625     
  -5237.6393615299185     
  -5237.6395575754650     
  -5237.6299840179154     
  -5237.6258670614270     
  -5237.6231877722830     
  -5237.6200837177876     
  -5237.6279582139296     
  -5237.6161628068458     
  -5237.6349178308510     
  -5237.6485429963732     
  -5237.6421715160932     
  -5237.6262591525210     
  -5237.6264551980685     
  -5237.6453082448470     
  -5237.6353752704608     
  -5237.6436418576968     
  -5237.6338722545997     
  -5237.6484776478583     
  -5237.6366168922586     
  -5237.6239719544719     
  -5237.6450468507837     
  -5237.6244947425976     
  -5237.6368782863219     
  -5237.6456676616826     
  -5237.6518430964161     
  -5237.6501440350085     
  -5237.6446220854323     
  -5237.6492618300463     
  -5237.6402437348806     
  -5237.6318464506139     
  -5237.6429556982812     
  -5237.6224035900950     
  -5237.6248214851757     
  -5237.6378585140574     
  -5237.6498826409452     
  -5237.6315197080348     
  -5237.6383813021830     
  -5237.6462557983241     
  -5237.6444260398848     
  -5237.6474974201228     
  -5237.6328266783485     
  -5237.6374664229625     
  -5237.6376624685099     
  -5237.6359634071023     
  -5237.5151350516544     
  -5237.5132072704419     
  -5237.5202975843949     
  -5237.5173242269302     
  -5237.5114755347759     
  -5237.6228015162842     
  -5237.6201875756569     
  -5237.6225401222218     
  -5237.6218539628071     
  -5237.6351523857511     
  -5237.6294997391433     
  -5237.6326037936387     
  -5237.6397267818502     
  -5237.5449993233278     
  -5237.5205263041998     
  -5237.5232055933429     
  -5237.6347276203996     
  -5237.6418506086102     
  -5237.6463596561935     
  -5237.6407070095856     
  -5237.6411971234529     
  -5237.6405109640382     
  -5237.6505419611976     
  -5237.6479280205704     
  -5237.5355891370673     
  -5237.6402495699758     
  -5237.6345969233680     
  -5237.6314275203567     
  -5237.6385505085673     
  -5237.6381584174733     
  -5237.6355444768451     
  -5237.6441704809176     
  -5237.6434843215029     
  -5237.7435050097956     
  -5237.7341928463084     
  -5237.7385385226025     
  -5237.7389959622124     
  -5237.7411197889724     
  -5237.7566400614505     
  -5237.7445505860469     
  -5237.7463149959704     
  -5237.7503666039429     
  -5237.7382771285393     
  -5237.7480794058938     
  -5237.7502032326538     
  -5237.7537647267600     
  -5237.7507260207794     
  -5237.7550716970736     
  -5237.7691216279482     
  -5237.4995167564030     
  -5237.5034376673448     
  -5237.6143388835026     
  -5237.6181617716702     
  -5237.6245659262086     
  -5237.6156131795578     
  -5237.6215598944864     
  -5237.6223440766744     
  -5237.6232262816366     
  -5237.6220826826120     
  -5237.5020000000004     
  -5237.6227034935109     
  -5237.6122804052575     
  -5237.6201549013995     
  -5237.6225074479644     
  -5237.6221153568704     
  -5237.6242718578878     
  -5237.6218539628071     
  -5237.6259382450380     
  -5237.7251420768844     
  -5237.7177250203531     
  -5237.7187705966044     
  -5237.7246846372745     
  -5237.7282788056382     
  -5237.7346502859182     
  -5237.7240311521182     
  -5237.7111248202673     
  -5237.7235083639926     
  -5237.7228548788353     
  -5237.7192607104716     
  -5237.7328205274789     
  -5237.7416752513564     
  -5237.7294877531785     
  -5237.7353037710755     
  -5237.7324284363849     
  -5237.5190559625962     
  -5237.6214945459706     
  -5237.6305453153946     
  -5237.6336493698900     
  -5237.6260689420697     
  -5237.6256768509757     
  -5237.6377663263793     
  -5237.6401188729442     
  -5237.6247292974977     
  -5237.4931779503804     
  -5237.6156785280737     
  -5237.6104833210757     
  -5237.6150577171747     
  -5237.6187825825691     
  -5237.6120516854526     
  -5237.6255134796857     
  -5237.6245659262086     
  -5237.6144042320175     
  -5237.7278213660275     
  -5237.7171042094533     
  -5237.7195221045349     
  -5237.7190973391826     
  -5237.7339968007609     
  -5237.7418386226445     
  -5237.7169735124226     
  -5237.7233776669600     
  -5237.7231489471560     
  -5237.7338007552144     
  -5237.7316769284535     
  -5237.7309907690396     
  -5237.7443545404994     
  -5237.7336373839253     
  -5237.7252074254002     
  -5237.7507586950369     
  -5237.7405970008467     
  -5237.7353364453329     
  -5237.7314155343920     
  -5237.7245212659864     
  -5237.7330819215413     
  -5237.7463803444862     
  -5237.7260242818465     
  -5237.7461189504229     
  -5237.7335066868936     
  -5237.7373949235771     
  -5237.7407276978784     
  -5237.7445505860469     
  -5237.7496804445282     
  -5237.7483081256987     
  -5237.7421653652236     
  -5237.7317749512285     
  -5237.7347483086924     
  -5237.7309580947822     
  -5237.7383424770551     
  -5237.7251094026269     
  -5237.7350423770131     
  -5237.7450406999142     
  -5237.7299125185309     
  -5237.7274946234493     
  -5237.7261876531356     
  -5237.7194240817607     
  -5237.7251420768844     
  -5237.7341928463084     
  -5237.7438317523738     
  -5237.7341928463084     
  -5237.7332779670887     
  -5237.7393553790489     
  -5237.7394534018222     
  -5237.7265143957147     
  -5237.7353691195913     
  -5237.7275926462235     
  -5237.7342255205667     
  -5237.7461189504238     
  -5237.7276906689967     
  -5237.7245212659855     
  -5237.7246846372745     
  -5237.7233776669609     
  -5237.7257628877842     
  -5237.7334413383778     
  -5237.7331799443155     
  -5237.7289976393104     
  -5237.7214172114900     
  -5237.7380157344769     
  -5237.7465437157753     
  -5237.7350750512705     
  -5237.7296837987260     
  -5237.7264163729415     
  -5237.7382771285393     
  -5237.7468704583544     
  -5237.7298144957576     
  -5237.7443872147569     
  -5237.7303046096249     
  -5237.7335066868936     
  -5237.7411197889724     
  -5237.7397474701429     
  -5237.7402702582685     
  -5237.7405970008467     
  -5237.7382444542818     
  -5237.7187705966044     
  -5237.8313381999105     
  -5237.8287242592833     
  -5237.8282668196734     
  -5237.8353898078840     
  -5237.8442118575031     
  -5237.8385592108953     
  -5237.8310768058482     
  -5237.8277440315478     
  -5237.8249013711147     
  -5237.8379710742538     
  -5237.8223527790024     
  -5237.8173862918093     
  -5237.8387225821843     
  -5237.8418266366798     
  -5237.8219606879084     
  -5237.8347363227267     
  -5237.8349650425325     
  -5237.8215685968144     
  -5237.8485575337963     
  -5237.8264697354916     
  -5237.8481327684449     
  -5237.8303906464325     
  -5237.8335273751863     
  -5237.8264370612333     
  -5237.8295411157287     
  -5237.8381017712854     
  -5237.8144782828613     
  -5237.8315669197154     
  -5237.8247053255673     
  -5237.8290183276040     
  -5237.8340501633120     
  -5237.8243132344733     
  -5237.8350957395633     
  -5237.8336580722180     
  -5237.8357492247205     
  -5237.8474466090302     
  -5237.8353898078840     
  -5237.8425127960945     
  -5237.8398988554673     
  -5237.8342462088594     
  -5237.8421207050005     
  -5237.8366314296827     
  -5237.8374482861282     
  -5237.8360106187829     
  -5237.8281361226418     
  -5237.8440811604714     
  -5237.8395067643733     
  -5237.8240518404109     
  -5237.8206210433364     
  -5237.8476099803192     
  -5237.8354878306573     
  -5237.8414672198442     
  -5237.8436890693774     
  -5237.8380364227696     
  -5237.8411404772651     
  -5237.8482634654756     
  -5237.9322084189089     
  -5237.9324698129712     
  -5237.9203803375676     
  -5237.9282221594513     
  -5237.9303459862113     
  -5237.9320777218772     
  -5237.9270785604267     
  -5237.9314242367200     
  -5237.9435137121245     
  -5237.9263270524962     
  -5237.9207070801458     
  -5237.9063957552089     
  -5237.9108394542764     
  -5237.9392660586036     
