  -3061.5799949317302     
  -3061.5966219708553     
  -3061.7464844915316     
  -3061.7161229767803     
  -3061.6429072910851     
  -3061.6507010664286     
  -3061.6365220202592     
  -3061.6156703443435     
  -3061.6429879580028     
  -3061.4837098076218     
  -3061.6279392174979     
  -3061.4683079913025     
  -3061.4321140220218     
  -3061.4933284140202     
  -3061.4746765571808     
  -3061.4454436422252     
  -3061.6219537458660     
  -3061.6068570670859     
  -3061.7209864172696     
  -3061.6818585480291     
  -3061.6262788543008     
  -3061.5838865308106     
  -3061.6957186924469     
  -3061.6652573749584     
  -3061.6791180806763     
  -3061.6429241113951     
  -3061.4547281008586     
  -3061.5989575107346     
  -3061.6485436501871     
  -3061.6758612638459     
  -3061.4437825761356     
  -3061.4296035299658     
  -3061.5438647589049     
  -3061.4882850651761     
  -3061.5485496128263     
  -3061.6626789630100     
  -3061.5076426955652     
  -3061.6841527992055     
  -3061.6352138022248     
  -3061.6165619453855     
  -3061.6157341417675     
  -3061.4992166906786     
  -3061.6434461005547     
  -3061.6664771018131     
  -3061.6302831325324     
  -3061.6709333934091     
  -3061.6567543472397     
  -3061.4532404438705     
  -3061.4805580575294     
  -3061.4650810014145     
  -3061.5792103515978     
  -3061.6591809812735     
  -3061.6036012875452     
  -3061.6708436897288     
  -3061.6521918328895     
  -3061.5038604190181     
  -3061.6803705226589     
  -3061.5514159272884     
  -3061.6646765913424     
  -3061.4653320963830     
  -3061.6603127639055     
  -3061.6824336068526     
  -3061.4471496274741     
  -3061.4309276449576     
  -3061.3752750865351     
  -3061.4302340256554     
  -3061.5930700975805     
  -3061.5935644677015     
  -3061.6697092352938     
  -3061.6367811470063     
  -3061.5892710014368     
  -3061.6419155737253     
  -3061.4942863586052     
  -3061.6298118549275     
  -3061.6135898724110     
  -3061.4205209677689     
  -3061.4426418107159     
  -3061.4651128963483     
  -3061.4656072664698     
  -3061.4461027190837     
  -3061.5010616582040     
  -3061.5804122991208     
  -3061.6330568714093     
  -3061.6214383689266     
  -3061.5885102806392     
  -3061.5561413712117     
  -3061.4867398078122     
  -3061.2873953128528     
  -3061.5124262865652     
  -3061.4794981982777     
  -3061.5510865516244     
  -3061.6037311239124     
  -3061.5372834791865     
  -3061.5922424183073     
  -3061.6359799913162     
  -3061.6364743614376     
  -3061.1336873476216     
  -3061.2404671229388     
  -3061.2931116952273     
  -3061.4005916916608     
  -3061.3676636033733     
  -3061.4444590615467     
  -3061.4449534316682     
  -3061.3063503853664     
  -3061.3613093244867     
  -3061.3034803393143     
  -3061.4543919762850     
  -3061.3056338681454     
  -3061.5329847465259     
  -3061.4966224164737     
  -3061.3831371550596     
  -3061.5312133085249     
  -3061.5022651730947     
  -3061.5022356539753     
  -3061.6503118074406     
  -3061.6126710813905     
  -3061.5763087513387     
  -3061.6227716806943     
  -3061.6545848187493     
  -3061.5058267106101     
  -3061.5833595166432     
  -3061.7149802136241     
  -3061.7611657311168     
  -3061.7238132461675     
  -3061.7007578443759     
  -3061.5279880506919     
  -3061.6853560280570     
  -3061.5544592653987     
  -3061.6898123196529     
  -3061.5609252031422     
  -3061.6547815975678     
  -3061.5801786853563     
  -3061.6824572384289     
  -3061.4854711223875     
  -3061.7574587193722     
  -3061.5340616677317     
  -3061.7691214278275     
  -3061.6813388564169     
  -3061.7212366560325     
  -3061.8682738835860     
  -3061.7642661118675     
  -3061.8135986486377     
  -3061.7488642955486     
  -3061.6177734531620     
  -3061.6584237140387     
  -3061.7391415409752     
  -3061.6233929919536     
  -3061.7456074787183     
  -3061.6012458266086     
  -3061.8146837671384     
  -3061.6762473075519     
  -3061.7199762041696     
  -3061.7872186063532     
  -3061.6692581591678     
  -3061.7393338345587     
  -3061.8165353478530     
  -3061.6187594991047     
  -3061.7474463800108     
  -3061.5612404525409     
  -3061.5757382179531     
  -3061.7058945014951     
  -3061.5738020933168     
  -3061.6656155513956     
  -3061.4210988518221     
  -3061.6339160377438     
  -3061.5395014459773     
  -3061.6978540628998     
  -3061.7056380462959     
  -3061.7312596144639     
  -3061.6449058944645     
  -3061.7561001232079     
  -3061.7737235149898     
  -3061.6109976283897     
  -3061.6969122260375     
  -3061.5707186782897     
  -3061.6949761014012     
  -3061.4891963584319     
  -3061.5920956661125     
  -3061.5531343835878     
  -3061.7104982602677     
  -3061.6858485254979     
  -3061.7773262702403     
  -3061.7106890342425     
  -3061.7165941184089     
  -3061.4408227155745     
  -3061.4746127233752     
  -3061.3833036690107     
  -3061.4194705015730     
  -3061.5444006600869     
  -3061.3587383497415     
  -3061.5692411688310     
  -3061.4344327399094     
  -3061.5479413354851     
  -3061.5528353340646     
  -3061.6118793606411     
  -3061.6906836045655     
  -3061.4945778538804     
  -3061.6853641889693     
  -3061.5194183626249     
  -3061.6246320371379     
  -3061.5974271196251     
  -3061.6010178369597     
  -3061.6613651447810     
  -3061.7194204311145     
  -3061.4987811123624     
  -3061.3924420856420     
  -3061.4015422243037     
  -3061.5605323184882     
  -3061.5827196448913     
  -3061.4303908090474     
  -3061.6370166189677     
  -3061.7081585792444     
  -3061.6820282352373     
  -3061.7769402217446     
  -3061.7363252093141     
  -3061.6467987123037     
  -3061.6989739548271     
  -3061.6919435184527     
  -3061.6017350667680     
  -3061.8090428313626     
  -3061.9537826199999     
  -3061.8290354031856     
  -3061.8343380937335     
  -3061.6747068675386     
  -3061.7774396175860     
  -3061.8180898784626     
  -3061.6649841129647     
  -3061.6441324370494     
  -3061.8103767700363     
  -3061.6809280317048     
  -3061.8205102984557     
  -3061.7813824292157     
  -3061.7003498189192     
  -3061.7675922211033     
  -3061.7743932808316     
  -3061.7451603658760     
  -3061.8962175529491     
  -3061.5076262072557     
  -3061.5697632275328     
  -3061.6474538566422     
  -3061.5958580710426     
  -3061.4101320013378     
  -3061.6223292857499     
  -3061.4145882929338     
  -3061.4068751845080     
  -3061.6014776098341     
  -3061.4022701316044     
  -3061.6530117858124     
  -3061.6724335730273     
  -3061.3631422623639     
  -3061.7210241183716     
  -3061.3748049708192     
  -3061.5034303026650     
  -3061.6917912034164     
  -3061.5882981816162     
  -3061.7301236300118     
  -3061.4892824752237     
  -3061.6753272641708     
  -3061.5170247279611     
  -3061.4929677603777     
  -3061.6571691570180     
  -3061.3578066313244     
  -3061.6079275309248     
  -3061.6713711859593     
  -3061.4767035956011     
  -3061.7751270328213     
  -3061.5724899006218     
  -3061.5446858370779     
  -3061.7670394532784     
  -3061.5722757948806     
  -3061.7389447669461     
  -3061.5364005448423     
  -3061.5182424376899     
  -3061.7148877993632     
  -3061.4542622302738     
  -3061.5944652516328     
  -3061.7133622159095     
  -3061.5177058853083     
  -3061.7836956043625     
  -3061.6469146487379     
  -3061.6388270691950     
  -3061.7558915408185     
  -3061.4103613980860     
  -3061.5521868464816     
  -3061.5332657306790     
  -3061.5145867371207     
  -3061.6768206093134     
  -3061.6490165457694     
  -3061.5064991575778     
  -3061.6623301824802     
  -3061.5475800776890     
  -3061.6110237327234     
  -3061.7812271467569     
  -3061.1724189723654     
  -3061.3012352696769     
  -3061.5293253184441     
  -3061.5212377389007     
  -3061.2734312061325     
  -3061.5368657424442     
  -3061.3121977594114     
  -3061.4310947236881     
  -3061.6003093974787     
  -3061.4683197948739     
  -3061.5198390149544     
  -3061.1759189463351     
  -3061.6255484943435     
  -3061.4194771203797     
  -3061.3256979409907     
  -3061.6434831383681     
  -3061.5662428672949     
  -3061.7843481247714     
  -3061.6510014109117     
  -3061.6689360549362     
  -3061.6905689453829     
  -3061.6685126373382     
  -3061.7200318574187     
  -3061.7409827931915     
  -3061.4015647053675     
  -3061.6720370892813     
  -3061.6333796355666     
  -3061.5640855043134     
  -3061.7874475595590     
  -3061.8006920468843     
  -3061.5961521771901     
  -3061.7099805583803     
  -3061.5185106957474     
  -3061.6944000447797     
  -3061.6894829156186     
  -3061.7854547790844     
  -3061.6532991738159     
  -3061.7413014954409     
  -3061.6451366477008     
  -3061.7932587133337     
  -3061.4251587849853     
  -3061.7545536436510     
  -3061.7696948483153     
  -3061.5710538390522     
  -3061.7173261852745     
  -3061.5645932792459     
  -3061.6305647500376     
  -3061.6811009301182     
  -3061.7760840533410     
  -3061.6114947299066     
  -3061.7653532281061     
  -3061.6889048643675     
  -3061.7317377854233     
  -3061.4322452931447     
  -3061.4087290440939     
  -3061.5609002507476     
  -3061.4475540321700     
  -3061.5689788122036     
  -3061.3817210637312     
  -3061.5321574961959     
  -3061.4032077642523     
  -3061.5767827464524     
  -3061.5165095417997     
  -3061.5790589468570     
  -3061.6688297715068     
  -3061.5780987659978     
  -3061.6985348057883     
  -3061.5667303665582     
  -3061.6072489207818     
  -3061.5859027002471     
  -3061.6541885378706     
  -3061.6136318172189     
  -3061.7420373988507     
  -3061.5813844500358     
  -3061.5645428859207     
  -3061.5112622711254     
  -3061.5303127766451     
  -3061.6148808565054     
  -3061.4527408929207     
  -3061.6962945397304     
  -3061.5367151876931     
  -3061.7809507891770     
  -3061.7721735964692     
  -3061.7217474562981     
  -3061.6691487961771     
  -3061.6610707849009     
  -3061.6354520280779     
  -3061.6945671913704     
  -3061.8264070147666     
  -3061.5988214035860     
  -3061.6681993904663     
  -3061.3104464394614     
  -3061.7053555182415     
  -3061.6639647782490     
  -3061.4725634760443     
  -3061.6147499495737     
  -3061.3535213470427     
  -3061.6405700835321     
  -3061.6942026108259     
  -3061.5619157739247     
  -3061.7203996224803     
  -3061.4553817368237     
  -3061.5170751358855     
  -3061.7025009151967     
  -3061.5323664784464     
  -3061.5733025173604     
  -3061.7909879441286     
  -3061.5198530764678     
  -3061.6944835150298     
  -3061.4719918691026     
  -3061.6491227273514     
  -3061.7582085638869     
  -3061.6249329867428     
  -3061.7509831171328     
  -3061.5518214080507     
  -3061.6332312911136     
  -3061.7133679258477     
  -3061.3590296074494     
  -3061.4655637221049     
  -3061.6460930210974     
  -3061.4629880626221     
  -3061.6955722301122     
  -3061.5668641380953     
  -3061.4890418701930     
  -3061.6507315920730     
  -3061.4712863669924     
  -3061.5688714091411     
  -3061.6687245278767     
  -3061.3292761090065     
  -3061.3050739766977     
  -3061.5366694039453     
  -3061.4634146211702     
  -3061.2756744750268     
  -3061.5449677083161     
  -3061.2602333386585     
  -3061.3775348648082     
  -3061.5432441601183     
  -3061.5081687643401     
  -3061.5498768566804     
  -3061.2683375415181     
  -3061.5780275008619     
  -3061.3095753734410     
  -3061.3052936566578     
  -3061.5861510171458     
  -3061.6332085459098     
  -3061.6491854470264     
  -3061.7737549681788     
  -3061.6854596074918     
  -3061.6701646610495     
  -3061.5878550992052     
  -3061.6577138357266     
  -3061.7541327126974     
  -3061.4885702986521     
  -3061.3572328770397     
  -3061.5298024351200     
  -3061.2800849247101     
  -3061.4945111013799     
  -3061.4662589288764     
  -3061.2902838435243     
  -3061.4456088845427     
  -3061.1244007368559     
  -3061.4699991298007     
  -3061.4847880826651     
  -3061.4110509022184     
  -3061.5011739665783     
  -3061.3940143277232     
  -3061.1984570630934     
  -3061.5417410892055     
  -3061.5020049636951     
  -3061.6509764432044     
  -3061.6881789678619     
  -3061.6156851094643     
  -3061.6333778905941     
  -3061.3509066995116     
  -3061.5865872142149     
  -3061.6568294763210     
  -3061.5821035556319     
  -3061.6397929018258     
  -3061.5984894395456     
  -3061.4226486589164     
  -3061.6606435404524     
  -3061.5398951044931     
  -3061.6948661099627     
  -3061.6282711119961     
  -3061.4450944642304     
  -3061.7362282881759     
  -3061.5686766217291     
  -3061.5494040102817     
  -3061.6427329479666     
  -3061.6211459696869     
  -3061.4614803481441     
  -3061.7191917136806     
  -3061.5941200790621     
  -3061.3952158189013     
  -3061.6853609026039     
  -3061.5732625453993     
  -3061.4440720557109     
  -3061.6450045048045     
  -3061.5181283819484     
  -3061.3781792444061     
  -3061.7017467865176     
  -3061.4581011675637     
  -3061.4609656854741     
  -3061.2379760267668     
  -3061.4793052019149     
  -3061.3687113212950     
  -3061.1071789408202     
  -3061.5458945481096     
  -3061.6028470311585     
  -3061.6773735887305     
  -3061.7335823256872     
  -3061.6957131051713     
  -3061.6884578484683     
  -3061.5771996664794     
  -3061.5911484441281     
  -3061.6649930470253     
  -3061.4426853429923     
  -3061.5070953977161     
  -3061.7877003963913     
  -3061.6103708245432     
  -3061.7744239857625     
  -3061.7745299055987     
  -3061.6116933877356     
  -3061.7123832014363     
  -3061.5326220175921     
  -3061.6499617101695     
  -3061.7233003194888     
  -3061.7607225264992     
  -3061.7766140402914     
  -3061.7067581151150     
  -3061.6690590972862     
  -3061.6593229161176     
  -3061.4714441052151     
  -3061.6928035232859     
  -3061.6796330324928     
  -3061.6354972664344     
  -3061.4785596090023     
  -3061.4706691604956     
  -3061.4780909748320     
  -3061.6068828933930     
  -3061.6433163601610     
  -3061.6267741557872     
  -3061.6227744071853     
  -3061.6047918733575     
  -3061.4897665476124     
  -3061.6897576251695     
  -3061.7943556151890     
  -3061.7561187095612     
  -3061.6728923658097     
  -3061.7357674893879     
  -3061.6267654793965     
  -3061.7186522554061     
  -3061.7377496425229     
  -3061.7534663779220     
  -3061.7516590031801     
  -3061.6563501614360     
  -3061.8001485557838     
  -3061.6954016590421     
  -3061.7572880423777     
  -3061.7037393416281     
  -3061.6857082393967     
  -3061.8124091379223     
  -3061.7228367287448     
  -3061.7407458380039     
  -3061.7112931728343     
  -3061.6079636882400     
  -3061.6693778626054     
  -3061.5575475913552     
  -3061.7246452159357     
  -3061.6513550489944     
  -3061.5476809153211     
  -3061.6333763153293     
  -3061.5830005079229     
  -3061.7686864529519     
  -3061.7506636393405     
  -3061.7500981325034     
  -3061.7581378222430     
  -3061.7270621871558     
  -3061.6667794142368     
  -3061.7779277308127     
  -3061.8517834045911     
  -3061.4990298346238     
  -3061.4848507884544     
  -3061.6763837197577     
  -3061.6401897504766     
  -3061.4383434495458     
  -3061.5825728594218     
  -3061.2599261660312     
  -3061.4364362696720     
  -3061.5895439740275     
  -3061.5708921171881     
  -3061.6374838287902     
  -3061.5819041350619     
  -3061.5068846227346     
  -3061.6210139729178     
  -3061.4639991125387     
  -3061.7733005246546     
  -3061.7430054158044     
  -3061.5774753291785     
  -3061.7276035994851     
  -3061.4443435935459     
  -3061.6763070064285     
  -3061.5916207822311     
  -3061.6284222346339     
  -3061.7306535377265     
  -3061.6947903279988     
  -3061.6359459747578     
  -3061.7697918089425     
  -3061.5435550010088     
  -3061.5457038571917     
  -3061.3860726309968     
  -3061.4919592154088     
  -3061.2313144225382     
  -3061.4622890951782     
  -3061.4330561802226     
  -3061.3599397543840     
  -3061.5697745688858     
  -3061.4286222145815     
  -3061.3894943453411     
  -3061.5891963561007     
  -3061.6458092892685     
  -3061.6039465438857     
  -3061.5326094762859     
  -3061.4519093584267     
  -3061.6504503129004     
  -3061.6568569894357     
  -3061.6913440750059     
  -3061.6477770924562     
  -3061.6142282495612     
  -3061.6107399718112     
  -3061.7780082644044     
  -3061.3905289225927     
  -3061.7178808449116     
  -3061.4049081438056     
  -3061.6693052748542     
  -3061.6954284353901     
  -3061.6246263763837     
  -3061.6886629052433     
  -3061.5451961841068     
  -3061.5971612155990     
  -3061.7634407679493     
  -3061.3923672027377     
  -3061.1934158864833     
  -3061.4775295015329     
  -3061.5198278211546     
  -3061.4687422461498     
  -3061.5684183664994     
  -3061.4804049546046     
  -3061.2945760575440     
  -3061.5163089191365     
  -3061.3740678861313     
  -3061.5528923566039     
  -3061.6149071602272     
  -3061.6296777617963     
  -3061.6969201639804     
  -3061.6079180118431     
  -3061.4775424240243     
  -3061.5893574073757     
  -3061.3101744814071     
  -3061.3959044415669     
  -3061.2289888467094     
  -3061.4792203872657     
  -3061.3543502751982     
  -3061.1936391630247     
  -3061.5084892389623     
  -3061.4786153761884     
  -3061.6092159976097     
  -3061.6743270999750     
  -3061.6221816480111     
  -3061.5731843592512     
  -3061.5918821282580     
  -3061.5919075176084     
  -3061.6147586606653     
  -3061.6743270321144     
  -3061.5894604553059     
  -3061.7198720477259     
  -3061.7446773274128     
  -3061.5080933919317     
  -3061.5349406385358     
  -3061.7380768910598     
  -3061.6515100808265     
  -3061.6360973681230     
  -3061.6541131824551     
  -3061.3988314779676     
  -3061.7143635085790     
  -3061.5959123557141     
  -3061.4913167261980     
  -3061.6233944863011     
  -3061.5488576915568     
  -3061.3892264653614     
  -3061.5717987007010     
  -3061.3272756513661     
  -3061.4493211860072     
  -3061.4200882710520     
  -3061.4559009832119     
  -3061.5256985681385     
  -3061.5556915349857     
  -3061.5165636657457     
  -3061.5451203553534     
  -3061.7923379525746     
  -3061.7502451228629     
  -3061.5965127570985     
  -3061.7348433065440     
  -3061.5129354702772     
  -3061.6339922646757     
  -3061.6602126589623     
  -3061.5861074928812     
  -3061.7635085892171     
  -3061.6882124114873     
  -3061.6688010262483     
  -3061.7632138924305     
  -3061.6731269029274     
  -3061.6371630179756     
  -3061.5982699154083     
  -3061.5563067541534     
  -3061.6449298303860     
  -3061.7067898161631     
  -3061.7402881614908     
  -3061.6642874607751     
  -3061.6965947944545     
  -3061.7128230007056     
  -3061.7748021487223     
  -3061.3795037107880     
  -3061.7392995981400     
  -3061.4650638536382     
  -3061.6195431064452     
  -3061.7011195762234     
  -3061.6293287769745     
  -3061.6609315876676     
  -3061.5833210431060     
  -3061.6550025585993     
  -3061.7159929663731     
  -3061.4196848163965     
  -3061.2594704567464     
  -3061.4336661935549     
  -3061.5314178224189     
  -3061.4793435071706     
  -3061.5465859093547     
  -3061.5244286740349     
  -3061.3583162609752     
  -3061.4747599779907     
  -3061.4725664214270     
  -3061.5414730136586     
  -3061.6589411265236     
  -3061.6727229878502     
  -3061.7075316718683     
  -3061.6843856963055     
  -3061.5737265924877     
  -3061.5802524312626     
  -3061.3374920950660     
  -3061.4786753644676     
  -3061.3107710293675     
  -3061.5285688517579     
  -3061.4695549162648     
  -3061.3285602880928     
  -3061.5381212194529     
  -3061.4514684208480     
  -3061.5810803020267     
  -3061.6137576862261     
  -3061.6274684108366     
  -3061.5981876060782     
  -3061.5115962305076     
  -3061.6192251312673     
  -3061.6096425561582     
  -3061.7350671041822     
  -3061.6699170113743     
  -3061.6950394592177     
  -3061.7385724826627     
  -3061.5678447237565     
  -3061.6144084543621     
  -3061.7122555623091     
  -3061.6788276944853     
  -3061.6831314657829     
  -3061.5958581355385     
  -3061.5117217522024     
  -3061.7219646382368     
  -3061.6232299693729     
  -3061.6056038606798     
  -3061.5694098913991     
  -3061.4519937399400     
  -3061.5962231498161     
  -3061.4137020010007     
  -3061.5902121046411     
  -3061.3786385703747     
  -3061.3599867135354     
  -3061.5730274013617     
  -3061.5174477076330     
  -3061.5142114814798     
  -3061.6283408316635     
  -3061.6100601522762     
  -3061.6104124816293     
  -3061.5774182394930     
  -3061.5748417656891     
  -3061.7189181511635     
  -3061.5429842083877     
  -3061.6319358629571     
  -3061.5915747537319     
  -3061.6435985714124     
  -3061.6760019367498     
  -3061.7576975687675     
  -3061.3586520348726     
  -3061.7243467826552     
  -3061.4894977256045     
  -3061.6994302876537     
  -3061.5432128288789     
  -3061.5268753388718     
  -3061.5941177410555     
  -3061.5362236804949     
  -3061.6240803550741     
  -3061.7047872468488     
  -3061.4410482152171     
  -3061.3202205430180     
  -3061.5498695890683     
  -3061.4098272893793     
  -3061.4132062833733     
  -3061.5160882770474     
  -3061.5136475257291     
  -3061.3637102717553     
  -3061.4998704727718     
  -3061.5392153681296     
  -3061.6635752696029     
  -3061.5432494539150     
  -3061.6124846244838     
  -3061.6829328999920     
  -3061.6795034084307     
  -3061.5850194636987     
  -3061.6112617864746     
  -3061.4989810384614     
  -3061.4023703793100     
  -3061.2899193534518     
  -3061.5433567673331     
  -3061.5040593158410     
  -3061.3792398467549     
  -3061.6085172621165     
  -3061.4306167449326     
  -3061.6156819353532     
  -3061.6839989110426     
  -3061.7174261196546     
  -3061.7043204739821     
  -3061.6374455824130     
  -3061.4160328360408     
  -3061.4420898524222     
  -3061.5872308844473     
  -3061.5382559507257     
  -3061.5830948825696     
  -3061.6264730881685     
  -3061.4754618132633     
  -3061.5382007029548     
  -3061.6557642949028     
  -3061.6220843754832     
  -3061.6425633058661     
  -3061.5750064596232     
  -3061.4908700762867     
  -3061.7208294463226     
  -3061.6382699365445     
  -3061.5958811061064     
  -3061.6021322958904     
  -3061.5248963678596     
  -3061.5449351071243     
  -3061.6880227523561     
  -3061.5675421188221     
  -3061.5465758951509     
  -3061.6138182973345     
  -3061.5605529704380     
  -3061.6126728197764     
  -3061.7602246283686     
  -3061.3828158141664     
  -3061.7042688760548     
  -3061.4920350320726     
  -3061.7009788538794     
  -3061.6002147043464     
  -3061.4739593360978     
  -3061.6488052496907     
  -3061.4856220445531     
  -3061.5931952031337     
  -3061.7397582714830     
  -3061.4268691690472     
  -3061.3286567099171     
  -3061.5573170157245     
  -3061.4727280252773     
  -3061.3661891410302     
  -3061.5766746461136     
  -3061.4689447502178     
  -3061.3387239802455     
  -3061.5407403578365     
  -3061.5034098491342     
  -3061.6267810103650     
  -3061.5619085039189     
  -3061.5212257962467     
  -3061.6992775831636     
  -3061.5905589470253     
  -3061.5157914862948     
  -3061.6078899856452     
  -3061.4848019922920     
  -3061.4436446423824     
  -3061.2212757382831     
  -3061.5823166635732     
  -3061.4377300675042     
  -3061.3326270824191     
  -3061.6277606743556     
  -3061.4709022677621     
  -3061.5460495799421     
  -3061.7219700670403     
  -3061.6501081310753     
  -3061.6567189694038     
  -3061.6557002544091     
  -3061.4018537898714     
  -3061.5355143176616     
  -3061.5753662051097     
  -3061.5461077553891     
  -3061.6568028638080     
  -3061.6099796751669     
  -3061.3536792556847     
  -3061.4361346293772     
  -3061.6195543979002     
  -3061.6079053293133     
  -3061.6481007436978     
  -3061.6464000740293     
  -3061.3911183695413     
  -3061.6869339161517     
  -3061.6240908903751     
  -3061.3320385758170     
  -3061.4762679856931     
  -3061.4439788167224     
  -3061.6204889203627     
  -3061.5553643623202     
  -3061.5367125054813     
  -3061.4581566220227     
  -3061.4025769282939     
  -3061.5457896783651     
  -3061.6599190285483     
  -3061.3166367594977     
  -3061.3983689753791     
  -3061.5945955630204     
  -3061.5456461640638     
  -3061.5467107912259     
  -3061.5037944992578     
  -3061.5036681147712     
  -3061.4090869362890     
  -3061.5786695957145     
  -3061.3958984625838     
  -3061.4868359056486     
  -3061.4576029906930     
  -3061.5245237944296     
  -3061.4491737842955     
  -3061.4480586595660     
  -3061.4089307903259     
  -3061.4685955715104     
  -3061.5248015625871     
  -3061.5192838041685     
  -3061.4045184114780     
  -3061.5121575397166     
  -3061.4751744550567     
  -3061.4057110614622     
  -3061.6684109352323     
  -3061.5141077113822     
  -3061.6968585349705     
  -3061.6193772250176     
  -3061.6551188004619     
  -3061.6973692302804     
  -3061.6639167971202     
  -3061.5883023363904     
  -3061.4685610671295     
  -3061.6160164659868     
  -3061.6223976077563     
  -3061.7006589980097     
  -3061.6506299360440     
  -3061.5019330279706     
  -3061.6200279931536     
  -3061.7710140435106     
  -3061.5027573045477     
  -3061.5785923104227     
  -3061.5444579225882     
  -3061.4292134476755     
  -3061.6925952761198     
  -3061.6653918418333     
  -3061.2804427902170     
  -3061.1299024228515     
  -3061.3919851870673     
  -3061.3627522721122     
  -3061.2585277546973     
  -3061.3232149741380     
  -3061.2131707114104     
  -3061.1740428421699     
  -3061.3426367613529     
  -3061.5261208999750     
  -3061.6829145196148     
  -3061.6733980886602     
  -3061.6350297478198     
  -3061.6672832490949     
  -3061.5562502461244     
  -3061.5725756861261     
  -3061.6312517270676     
  -3061.4886075933064     
  -3061.5028063188884     
  -3061.2827517816213     
  -3061.4979944212687     
  -3061.3510934583678     
  -3061.3370833740155     
  -3061.5987945075426     
  -3061.5634864026770     
  -3061.6409480816887     
  -3061.6710702831447     
  -3061.5968939803474     
  -3061.6945977194086     
  -3061.6601565460051     
  -3061.5521083671097     
  -3061.5399706092576     
  -3061.5775081298739     
  -3061.6393425808856     
  -3061.7166152308955     
  -3061.6167503335951     
  -3061.3581355472807     
  -3061.5316838217059     
  -3061.6816811318199     
  -3061.4665633352670     
  -3061.5978516503837     
  -3061.5627285223063     
  -3061.3385549093955     
  -3061.6009479975969     
  -3061.6291978725526     
  -3061.1968601618405     
  -3061.3733702654808     
  -3061.3800289936125     
  -3061.3613771367732     
  -3061.4292702295384     
  -3061.3736905358101     
  -3061.1522220472589     
  -3061.2663513974421     
  -3061.2930847240241     
  -3061.3234586086924     
  -3061.1231205554263     
  -3061.3740027865642     
  -3061.2825551329051     
  -3061.0307511199999     
  -3061.3479155627688     
  -3061.4038551764820     
  -3061.5010333394948     
  -3061.5667951324413     
  -3061.5480721388863     
  -3061.4079819493941     
  -3061.4289940852327     
  -3061.4283687840016     
  -3061.4518706176400     
  -3061.5448614474981     
  -3061.3689019699568     
  -3061.5016279292090     
  -3061.5483668259785     
  -3061.3452053489063     
  -3061.2809596947782     
  -3061.4864103141344     
  -3061.4892727283832     
  -3061.3827671149470     
  -3061.4030972961114     
  -3061.1789236832005     
  -3061.4967700806437     
  -3061.2872260270465     
  -3061.4373141339001     
  -3061.4874045025695     
  -3061.3529226258779     
  -3061.5713711388498     
  -3061.4789347449482     
  -3061.2825840412847     
  -3061.4898306058130     
  -3061.4625119257821     
  -3061.6255462653694     
  -3061.6588743401503     
  -3061.6391626063523     
  -3061.5545257261019     
  -3061.4656199836995     
  -3061.5725981938776     
  -3061.5636663093501     
  -3061.6556683989652     
  -3061.5351622306662     
  -3061.5579703116773     
  -3061.7260186942635     
  -3061.5218684769479     
  -3061.5130761320620     
  -3061.6086088731772     
  -3061.6335021382588     
  -3061.5824498340648     
  -3061.4928621369882     
  -3061.3776176620754     
  -3061.5855461812780     
  -3061.4314554369225     
  -3061.3621749819199     
  -3061.3435231250805     
  -3061.5598403382337     
  -3061.5042606445054     
  -3061.3892882399009     
  -3061.5034175900842     
  -3061.3142902101254     
  -3061.4883474639701     
  -3061.5444815936548     
  -3061.3936399010013     
  -3061.6194830745981     
  -3061.4690136524569     
  -3061.2289954752109     
  -3061.1898676059709     
  -3061.4884354396713     
  -3061.5236182748945     
  -3061.4422304463460     
  -3061.5556778418554     
  -3061.2015303144258     
  -3061.6124939262145     
  -3061.4280676575045     
  -3061.4908003137657     
  -3061.4797371294194     
  -3061.6085959192078     
  -3061.5694680499678     
  -3061.4991589166339     
  -3061.7579195341846     
  -3061.5906260170427     
  -3061.6632119712162     
  -3061.6656274979864     
  -3061.7001283785348     
  -3061.7304543733999     
  -3061.5477494619786     
  -3061.5624789015837     
  -3061.6772902064413     
  -3061.6045777611453     
  -3061.5833882197599     
  -3061.5278085260315     
  -3061.5645251921555     
  -3061.6786545423388     
  -3061.5950509282152     
  -3061.5895076350312     
  -3061.5185165470230     
  -3061.5332459866281     
  -3061.7597711148992     
  -3061.6511893815541     
  -3061.5763990713758     
  -3061.6825696016049     
  -3061.6843031737012     
  -3061.3301556462716     
  -3061.6294054346467     
  -3061.6325375247147     
  -3061.4757036349856     
  -3061.5898329851693     
  -3061.5507051159293     
  -3061.4951254222005     
  -3061.2766524681206     
  -3061.5321331285663     
  -3061.5159111460498     
  -3061.4918541784664     
  -3061.5139750214134     
  -3061.2844603940234     
  -3061.2849547641449     
  -3061.3483984191794     
  -3061.4033573583001     
  -3061.4218040548349     
  -3061.4744486271234     
  -3061.4466445635794     
  -3061.4137164752919     
  -3061.5784178089734     
  -3061.6780281826332     
  -3061.4786836876733     
  -3061.4517289483633     
  -3061.4188008600759     
  -3061.5733374158431     
  -3061.6259819881316     
  -3061.4986303990240     
  -3061.5535893381448     
  -3061.5811413500924     
  -3061.5816357202139     
  -3061.4939876595013     
  -3061.3487817217961     
  -3061.4014262940846     
  -3061.5918544929386     
  -3061.5589264046512     
  -3061.5748179184434     
  -3061.5753122885649     
  -3061.4205236812013     
  -3061.4754826203216     
  -3061.1598092251484     
  -3061.3936690645401     
  -3061.2449109564004     
  -3061.4113578903994     
  -3061.3749955603471     
  -3061.2453247378712     
  -3061.3934008913366     
  -3061.5244904637702     
  -3061.4635570002697     
  -3061.6116331537346     
  -3061.5578068666232     
  -3061.5214445365714     
  -3061.5231890826071     
  -3061.5388166596008     
  -3061.3900585514612     
  -3061.4514057964329     
  -3061.8139547705978     
  -3061.6205091360694     
  -3061.6329410842104     
  -3061.6554663051647     
  -3061.5722089323790     
  -3061.6803068139093     
  -3061.5885948162922     
  -3061.6632702394140     
  -3061.7069974104475     
  -3061.7272082645700     
  -3061.8257524914593     
  -3061.6059118563535     
  -3061.6942932538827     
  -3061.6307523650980     
  -3061.6335611020513     
  -3061.6494526158435     
  -3061.6142101607243     
  -3061.7133906409995     
  -3061.7326127548795     
  -3061.4839752928551     
  -3061.4800412036934     
  -3061.3867364047960     
  -3061.5888229302855     
  -3061.5721770842347     
  -3061.4586814208446     
  -3061.6264740583110     
  -3061.5909478221774     
  -3061.6079139094754     
  -3061.6639927235283     
  -3061.6622108835518     
  -3061.5338512140875     
  -3061.6291228879159     
  -3061.6609256239954     
  -3061.5318839998567     
  -3061.7003585919974     
  -3061.3828218156464     
  -3061.4178689768560     
  -3061.4394054575678     
  -3061.4116013940234     
  -3061.4097813973131     
  -3061.4256729111048     
  -3061.3950591896496     
  -3061.4585028446845     
  -3061.5445698753815     
  -3061.4595074665731     
  -3061.4232837140321     
  -3061.5106763713184     
  -3061.5025887917755     
  -3061.3954796504881     
  -3061.5189746756892     
  -3061.3784430759929     
  -3061.4973400402691     
  -3061.5824183307236     
  -3061.2846307978953     
  -3061.3361500179763     
  -3061.1329273408373     
  -3061.4426173777356     
  -3061.3206823871078     
  -3061.2269032077193     
  -3061.4605520217601     
  -3061.2418564788359     
  -3061.4607196166830     
  -3061.4115092861589     
  -3061.4294439301834     
  -3061.3669404372940     
  -3061.4297783929565     
  -3061.4812976130370     
  -3061.4181121654733     
  -3061.2469668443218     
  -3061.4480332685334     
  -3061.5351920801045     
  -3061.4395729143748     
  -3061.4958611542215     
  -3061.4815296750030     
  -3061.4233900871045     
  -3061.6246051829798     
  -3061.4084648227981     
  -3061.6103618733473     
  -3061.5399228558881     
  -3061.5934970914032     
  -3061.4985598803473     
  -3061.5944822447573     
  -3061.6112020388691     
  -3061.6279786512268     
  -3061.7174799236886     
  -3061.4701541114805     
  -3061.5770294070526     
  -3061.3761210967459     
  -3061.5400128480019     
  -3061.4157634905423     
  -3061.4130772118856     
  -3061.6133035675180     
  -3061.5161583263211     
  -3061.6127662322933     
  -3061.5915375453578     
  -3061.6490403927587     
  -3061.5531144414608     
  -3061.6166030877043     
  -3061.6864618242257     
  -3061.7022496963409     
  -3061.5979492920069     
  -3061.4102055008102     
  -3061.5332559554681     
  -3061.3520641291625     
  -3061.5515954719090     
  -3061.4827994236912     
  -3061.2423192164820     
  -3061.4979988813561     
  -3061.4921013587377     
  -3061.6084257487109     
  -3061.6228366532659     
  -3061.6267652651522     
  -3061.4575262392996     
  -3061.6284377632082     
  -3061.6005887084548     
  -3061.7162311437542     
  -3061.5357212721228     
  -3061.3939835182937     
  -3061.5367504569526     
  -3061.4214148072219     
  -3061.5885124318024     
  -3061.5187276433417     
  -3061.3337007453742     
  -3061.4794625320073     
  -3061.3903067156452     
  -3061.5724872821938     
  -3061.5544644685824     
  -3061.5574043402257     
  -3061.4840912656719     
  -3061.6122157806917     
  -3061.5519330077723     
  -3061.6665867028291     
  -3061.7334316196466     
  -3061.3049781937284     
  -3061.3054725638494     
  -3061.4704388886112     
  -3061.4375108003237     
  -3061.3338622014153     
  -3061.3865067737038     
  -3061.3689162188844     
  -3061.4916225843376     
  -3061.5704083194637     
  -3061.4308904325062     
  -3061.5952488282078     
  -3061.4914349997848     
  -3061.2740684279802     
  -3061.2462643644362     
  -3061.4833474202419     
  -3061.5173403392719     
  -3061.4472763164194     
  -3061.4992389340341     
  -3061.2292277899410     
  -3061.5787066238340     
  -3061.4056041608205     
  -3061.4238751580046     
  -3061.3614610852665     
  -3061.5129714804966     
  -3061.4851674169527     
  -3061.3533735057235     
  -3061.6587897169929     
  -3061.5141478052919     
  -3061.5980575651615     
  -3061.5389883140365     
  -3061.5722992783926     
  -3061.6139490789537     
  -3061.3697593896372     
  -3061.4686252125784     
  -3061.5219517395412     
  -3061.4605630999413     
  -3061.5769349725579     
  -3061.5440068842704     
  -3061.5920473560909     
  -3061.6446919283794     
  -3061.5598983980626     
  -3061.5656789105747     
  -3061.4332030446717     
  -3061.5320688676134     
  -3061.6971092179892     
  -3061.5998512903402     
  -3061.5603927681841     
  -3061.6778871041097     
  -3061.6181358983104     
  -3061.3481247542172     
  -3061.5858897646972     
  -3061.6003456604612     
  -3061.4423218545398     
  -3061.4949664268283     
  -3061.4671623632844     
  -3061.4342342749969     
  -3061.3176880675296     
  -3061.4064801055797     
  -3061.5545562590451     
  -3061.4607770796561     
  -3061.4244147496042     
  -3061.6158376894682     
  -3061.5915123741847     
  -3061.4427542660451     
  -3061.4641486187397     
  -3061.5313177708517     
  -3061.4942734861256     
  -3061.7547454176784     
  -3061.5299538615036     
  -3061.1610768944693     
