#Nivel DeltaF_300_kJmol Media_eV Media_ladoSi_eV Media_ladoGe_eV Min_ladoSi_eV Min_ladoGe_eV Varianza_eV2 Degeneracion_total Configs_inequivalentes Entropia_eV_perK TS_300_eV F_300_eV TS_800_eV F_800_eV TS_1200_eV F_1200_eV
     0        11.34842332     -3088.35661505     -3088.65265230     -2205.88200792     -3088.65265230     -2205.88200792         0.00000000 1 1         0.00000000         0.00000000     -3088.35661505         0.00000000     -3088.35661505         0.00000000     -3088.35661505
     1        10.76037793     -3081.43378512     -3081.90874803     -2354.51499278     -3081.93439423     -2435.35583155         0.00022419 24 4         0.00027386         0.08215905     -3081.51594417         0.21909079     -3081.65287591         0.32863619     -3081.76242131
     2        10.52769315     -3074.44158140     -3075.12950892     -2533.88740653     -3075.21872150     -2623.50002200         0.00082171 276 48         0.00048433         0.14529860     -3074.58688000         0.38746294     -3074.82904434         0.58119441     -3075.02277581
     3        10.37495021     -3067.44112401     -3068.31161063     -2716.26175523     -3068.45431141     -2761.24910285         0.00072997 2024 268         0.00065602         0.19680691     -3067.63793091         0.52481842     -3067.96594242         0.78722762     -3068.22835163
     4        10.58446851     -3060.35919665     -3061.46786398     -2830.72398129     -3061.66568566     -2867.26989984         0.00124654 10626 1418         0.00079892         0.23967542     -3060.59887206         0.63913445     -3060.99833109         0.95870167     -3061.31789832
     5         4.56356039     -3054.83407098     -3054.83407098     -2703.89962308     -3054.88131099     -2932.20859859         0.00180945 42504 5404         0.00091838         0.27551390     -3055.10958488         0.73470373     -3055.56877472         1.10205560     -3055.93612658
     6         2.94046313     -3048.22106239     -3048.22106239     -2733.01901535     -3048.26391211     -3003.76824784         0.00210715 134596 17168         0.00101771         0.30531297     -3048.52637536         0.81416792     -3049.03523031         1.22125188     -3049.44231427
     7         3.27428822     -3041.12666694     -3041.12666694     -2876.15585943     -3041.18827975     -3041.52191654         0.00299795 346104 43572         0.00109910         0.32972919     -3041.45639614         0.87927784     -3042.00594479         1.31891677     -3042.44558371
     8         3.70535419     -3034.01301327     -3034.01301327     -2847.82071454     -3034.11437956     -3065.25860282         0.00400795 735471 92783         0.00116405         0.34921570     -3034.36222897         0.93124187     -3034.94425514         1.39686280     -3035.40987607
     9         2.73155700     -3027.25342093     -3027.25342093     -2902.81881871     -3027.30974764     -3070.74721343         0.00851374 1307504 164104         0.00121363         0.36409001     -3027.61751094         0.97090670     -3028.22432763         1.45636005     -3028.70978098
    10         2.51299873     -3020.31036082     -3020.31036082     -2930.10684010     -3020.31257921     -3073.97084332         0.00072047 1961256 246592         0.00124857         0.37457210     -3020.68493292         0.99885893     -3021.30921975         1.49828839     -3021.80864921
    11         3.25324818     -3013.13305208     -3013.13305208     -2958.24138001     -3013.20975693     -3069.36991287         0.00265278 2496144 312984         0.00126936         0.38080662     -3013.51385869         1.01548432     -3014.14853639         1.52322648     -3014.65627855
    12         3.69916390     -3006.03312189     -3006.03312189     -2970.80952818     -3006.10738839     -3066.30209108         0.01259276 2704156 339724         0.00127625         0.38287588     -3006.41599777         1.02100235     -3007.05412424         1.53150353     -3007.56462542
    13         3.81721793     -2999.01888335     -2999.01888335     -2972.22999147     -2999.09050740     -3045.16244467         0.00355657 2496144 312984         0.00126936         0.38080662     -2999.39968997         1.01548432     -3000.03436767         1.52322648     -3000.54210983
    14         5.29013319     -2991.67179854     -2991.67179854     -2980.47446713     -2991.80404672     -3031.88210597         0.00957707 1961256 246592         0.00124857         0.37457210     -2992.04637064         0.99885893     -2992.67065747         1.49828839     -2993.17008693
    15         5.28834103     -2984.69578366     -2984.69578366     -2980.55948995     -2984.71267510     -3017.01062499         0.00321095 1307504 164104         0.00121363         0.36409001     -2985.05987368         0.97090670     -2985.66669037         1.45636005     -2986.15214372
    16         1.36711736     -2978.69909010     -2978.69909010     -2982.20989007     -2978.70886351     -3006.62956070         0.00106846 735471 92783         0.00116405         0.34921570     -2979.04830580         0.93124187     -2979.63033196         1.39686280     -2980.09595290
    17         6.47889886     -2970.46011669     -2970.46011669     -2971.36498878     -2970.51499791     -2984.09728766         0.00224478 346104 43572         0.00109910         0.32972919     -2970.78984588         0.87927784     -2971.33939454         1.31891677     -2971.77903346
    18         7.76526243     -2963.17761691     -2963.17761691     -2962.63619629     -2963.22151093     -2969.95904732         0.00165435 134596 17168         0.00101771         0.30531297     -2963.48292988         0.81416792     -2963.99178483         1.22125188     -2964.39886879
    19        10.19654671     -2955.61570957     -2955.61570957     -2954.98416367     -2955.66604442     -2958.24348925         0.00202642 42504 5404         0.00091838         0.27551390     -2955.89122347         0.73470373     -2956.35041331         1.10205560     -2956.71776517
